1  48  20
1  4  300
1  14  740
1  99  20
1  117  20
1  178  20
1  17  320
1  7  100
1  68  260
1  10  20
1  11  260
1  127  20
1  13  20
1  139  60
1  133  20
1  26  160
1  191  1220
1  82  20
1  194  60
1  195  120
1  25  60
1  87  20
1  27  300
1  29  180
1  141  20
1  20  20
1  229  20
1  54  80
1  146  60
1  5  60
1  150  20
1  24  20
1  91  20
1  42  20
1  156  40
1  186  60
1  100  20
1  50  20
1  224  100
1  184  40
1  230  60
1  212  460
1  231  160
1  136  180
1  232  80
2  3  60
2  4  40
2  7  20
2  89  20
2  11  20
2  12  180
2  16  20
2  19  20
2  24  120
2  25  20
2  32  120
2  37  80
2  39  100
2  41  280
2  38  60
2  64  60
2  48  460
2  49  100
2  50  240
2  47  420
2  54  40
2  55  40
2  60  80
2  62  20
2  65  20
2  200  40
2  69  20
2  70  140
2  72  140
2  75  20
2  76  140
2  81  40
2  87  2860
2  90  120
2  95  20
2  96  220
2  98  900
2  99  120
2  100  20
2  101  100
2  102  20
2  104  60
2  105  60
2  108  20
2  114  460
2  86  20
2  120  1220
2  169  60
2  103  40
2  106  40
2  127  100
2  129  1020
2  130  100
2  132  40
2  133  20
2  227  20
2  211  40
2  146  20
2  148  20
2  149  20
2  157  20
2  158  60
2  160  40
2  161  20
2  164  140
2  165  20
2  107  40
2  167  260
2  170  20
2  174  100
2  176  20
2  179  40
2  28  20
2  187  20
2  188  40
2  33  40
2  193  20
2  195  40
2  52  40
2  197  340
2  229  60
2  206  60
2  214  20
2  215  520
2  36  60
2  219  20
2  220  20
2  51  120
2  225  40
2  152  20
2  138  60
2  110  20
2  136  60
2  233  20
3  4  20
3  101  20
3  113  20
3  114  40
3  116  40
3  67  20
3  70  80
3  103  20
3  72  600
3  184  20
3  129  40
3  87  140
3  197  100
3  167  60
3  120  40
3  11  20
3  32  60
3  216  180
3  211  20
3  146  20
3  200  79
3  150  20
3  24  40
3  41  20
3  94  20
3  215  140
3  36  20
3  96  60
3  47  20
3  45  200
3  99  40
3  49  880
3  220  120
3  50  20
3  158  300
3  64  20
3  229  60
3  164  60
3  12  80
3  232  20
3  162  20
4  145  20
4  5  340
4  62  20
4  7  120
4  178  20
4  17  300
4  120  20
4  68  180
4  88  20
4  10  60
4  11  320
4  136  180
4  184  20
4  28  60
4  26  420
4  191  880
4  194  160
4  195  460
4  23  60
4  25  420
4  87  20
4  27  240
4  29  120
4  31  340
4  101  20
4  204  40
4  148  20
4  150  20
4  24  40
4  154  40
4  36  20
4  46  20
4  231  160
4  95  20
4  220  20
4  167  20
4  224  560
4  225  20
4  227  20
4  138  20
4  230  80
4  212  133
4  107  40
4  14  40
4  232  160
4  162  20
5  139  60
5  61  20
5  33  20
5  7  180
5  174  20
5  17  900
5  67  20
5  121  20
5  9  20
5  10  60
5  11  920
5  103  20
5  182  20
5  127  280
5  14  120
5  185  20
5  28  840
5  133  20
5  18  20
5  26  223
5  27  340
5  191  280
5  21  640
5  97  20
5  194  60
5  195  1220
5  52  140
5  23  40
5  197  20
5  137  20
5  25  60
5  87  20
5  71  20
5  29  120
5  68  1460
5  32  40
5  31  180
5  20  120
5  202  60
5  144  20
5  204  20
5  146  40
5  168  20
5  148  40
5  225  20
5  55  60
5  150  20
5  39  60
5  41  140
5  42  20
5  24  20
5  45  20
5  46  20
5  47  20
5  218  20
5  99  20
5  172  20
5  101  20
5  167  20
5  224  220
5  157  40
5  226  20
5  152  620
5  161  20
5  54  60
5  230  60
5  212  180
5  231  860
5  136  2300
5  232  420
5  233  20
6  177  300
6  62  20
6  63  20
6  175  40
6  176  40
6  179  540
6  8  160
6  89  60
6  180  100
6  78  260
6  106  340
6  73  20
6  15  1460
6  16  540
6  131  20
6  132  400
6  133  240
6  19  20
6  189  20
6  82  180
6  155  20
6  135  280
6  30  120
6  141  80
6  91  20
6  43  160
6  199  440
6  104  900
6  105  80
6  108  160
6  109  660
7  59  60
7  115  20
7  17  39
7  121  60
7  10  300
7  11  700
7  103  20
7  14  180
7  16  20
7  188  80
7  81  20
7  191  440
7  194  120
7  195  40
7  25  60
7  26  300
7  224  60
7  27  60
7  29  20
7  68  660
7  31  80
7  216  20
7  146  40
7  206  20
7  137  20
7  91  40
7  214  20
7  215  20
7  231  220
7  99  40
7  51  20
7  202  40
7  230  160
7  212  120
7  40  40
7  136  260
7  232  840
7  162  20
8  177  40
8  179  180
8  89  2760
8  180  20
8  132  180
8  106  20
8  15  120
8  16  80
8  77  100
8  78  120
8  133  480
8  135  560
8  82  140
8  199  260
8  30  740
8  43  1260
8  157  20
8  104  220
8  105  80
8  71  60
8  108  1100
8  109  120
9  48  120
9  204  220
9  37  20
9  174  60
9  178  140
9  86  540
9  87  20
9  121  20
9  88  100
9  98  40
9  183  100
9  184  320
9  76  60
9  80  20
9  155  20
9  25  40
9  31  40
9  216  20
9  144  580
9  211  180
9  146  20
9  206  20
9  208  140
9  209  40
9  140  160
9  41  20
9  213  20
9  214  140
9  217  60
9  170  40
9  224  20
9  227  20
9  212  20
9  110  20
10  59  20
10  115  20
10  68  60
10  11  200
10  72  60
10  14  140
10  16  80
10  26  20
10  20  20
10  21  120
10  194  60
10  195  40
10  25  160
10  67  20
10  27  140
10  29  20
10  31  180
10  191  80
10  224  360
10  230  540
10  212  80
10  231  860
10  136  20
10  232  180
11  14  140
11  114  460
11  174  60
11  76  20
11  176  40
11  86  40
11  68  220
11  182  20
11  234  20
11  139  40
11  16  20
11  18  200
11  26  100
11  191  120
11  193  20
11  194  80
11  195  420
11  23  20
11  17  1300
11  25  840
11  27  240
11  29  80
11  32  500
11  210  20
11  162  20
11  202  20
11  117  440
11  211  20
11  42  40
11  148  20
11  55  80
11  149  20
11  93  20
11  154  40
11  217  20
11  156  680
11  99  120
11  100  20
11  220  40
11  50  20
11  224  60
11  104  20
11  152  120
11  106  20
11  54  220
11  230  80
11  212  100
11  231  1860
11  136  40
11  232  240
11  233  40
12  156  40
12  154  20
12  99  360
12  172  20
12  72  40
12  114  3460
12  176  20
12  86  40
12  120  20
12  70  140
12  106  40
12  126  20
12  139  480
12  129  80
12  49  600
12  17  20
12  28  60
12  18  40
12  19  20
12  26  20
12  191  20
12  21  20
12  226  20
12  52  740
12  23  20
12  24  40
12  25  20
12  167  120
12  87  200
12  29  20
12  32  440
12  216  20
12  117  60
12  229  240
12  200  120
12  134  20
12  55  20
12  150  940
12  39  20
12  91  20
12  41  60
12  38  60
12  214  20
12  215  160
12  36  660
12  96  60
12  231  20
12  75  420
12  45  80
12  48  40
12  100  120
12  101  560
12  50  180
12  217  20
12  51  20
12  118  20
12  158  100
12  71  40
12  46  40
12  164  300
12  219  40
12  107  20
12  136  660
12  234  120
12  162  80
13  59  223
13  113  100
13  74  20
13  75  20
13  15  40
13  185  460
13  28  240
13  18  40
13  21  40
13  22  20
13  52  80
13  163  280
13  205  20
13  148  40
13  46  20
13  84  120
13  223  220
13  118  280
13  152  1160
13  228  480
13  54  100
13  55  800
13  56  580
13  57  1140
13  58  520
13  233  920
14  65  20
14  17  120
14  68  300
14  182  40
14  72  20
14  188  20
14  81  20
14  191  520
14  194  40
14  195  40
14  25  60
14  26  120
14  27  560
14  29  80
14  31  180
14  147  20
14  199  20
14  224  180
14  160  20
14  97  20
14  230  60
14  212  40
14  231  40
14  136  60
14  232  120
15  74  20
15  59  20
15  16  80
15  132  60
15  179  180
15  89  280
15  180  200
15  169  40
15  125  20
15  73  20
15  130  40
15  77  60
15  78  720
15  133  540
15  18  20
15  19  20
15  135  660
15  82  260
15  109  60
15  199  740
15  44  20
15  152  20
15  119  20
15  30  140
15  177  20
15  92  20
15  43  640
15  153  20
15  225  20
15  104  180
15  105  560
15  163  20
15  165  40
15  107  20
15  108  200
15  233  20
16  177  120
16  59  20
16  179  100
16  132  100
16  43  280
16  180  40
16  106  62
16  139  20
16  185  40
16  78  140
16  133  260
16  135  180
16  191  60
16  21  180
16  199  60
16  52  40
16  197  80
16  24  600
16  87  20
16  30  200
16  82  300
16  37  20
16  152  20
16  77  60
16  89  180
16  39  360
16  90  20
16  41  160
16  214  40
16  46  40
16  47  300
16  170  40
16  102  120
16  51  120
16  225  20
16  104  820
16  105  420
16  71  20
16  229  20
16  231  20
16  108  120
16  109  40
17  201  20
17  99  40
17  176  60
17  146  20
17  114  60
17  174  80
17  117  20
17  68  140
17  88  20
17  89  40
17  124  20
17  71  40
17  76  100
17  185  20
17  132  20
17  133  60
17  18  20
17  79  40
17  26  720
17  191  100
17  21  80
17  195  100
17  52  480
17  23  80
17  140  20
17  25  40
17  87  20
17  27  220
17  29  560
17  31  80
17  28  40
17  202  1280
17  144  40
17  203  20
17  138  20
17  37  20
17  206  20
17  148  20
17  230  40
17  40  20
17  212  360
17  214  80
17  154  20
17  95  20
17  46  760
17  70  340
17  48  80
17  219  20
17  50  160
17  224  80
17  158  20
17  125  40
17  54  300
17  55  160
17  121  20
17  231  60
17  136  580
17  232  520
17  233  60
18  169  20
18  156  20
18  212  340
18  195  680
18  59  4860
18  113  120
18  114  80
18  174  20
18  65  20
18  117  20
18  168  60
18  185  200
18  68  40
18  202  620
18  124  40
18  176  1160
18  75  40
18  163  520
18  131  20
18  28  800
18  26  20
18  191  1440
18  21  280
18  83  20
18  22  60
18  231  380
18  52  40
18  23  1980
18  29  100
18  152  320
18  31  60
18  141  60
18  20  140
18  34  20
18  203  80
18  145  20
18  91  80
18  148  200
18  192  20
18  150  40
18  39  20
18  40  20
18  41  20
18  42  40
18  84  40
18  70  60
18  101  20
18  50  20
18  222  80
18  223  500
18  224  20
18  118  1460
18  226  80
18  85  20
18  228  400
18  54  4440
18  55  140
18  56  120
18  57  440
18  58  1460
18  233  700
19  151  20
19  87  20
19  89  40
19  123  100
19  125  80
19  130  40
19  131  240
19  78  80
19  133  60
19  157  180
19  79  400
19  81  380
19  33  20
19  158  20
19  193  20
19  155  100
19  159  280
19  196  140
19  227  720
19  86  20
19  53  80
19  216  40
19  34  20
19  35  260
19  37  220
19  208  20
19  39  20
19  165  1280
19  162  20
19  43  20
19  153  60
19  92  20
19  169  60
19  51  20
19  187  40
19  104  20
19  105  20
19  160  720
19  161  180
19  138  40
19  235  20
19  107  140
19  171  40
19  110  20
20  156  60
20  59  200
20  111  20
20  62  40
20  113  260
20  114  20
20  117  20
20  118  60
20  168  840
20  68  980
20  69  60
20  56  120
20  98  40
20  176  420
20  75  80
20  185  440
20  28  240
20  133  20
20  26  20
20  33  60
20  21  780
20  84  1060
20  52  260
20  23  1320
20  24  40
20  228  200
20  57  180
20  172  20
20  27  920
20  29  120
20  227  20
20  141  80
20  191  40
20  202  160
20  203  280
20  138  40
20  146  20
20  152  900
20  148  200
20  150  200
20  39  60
20  40  20
20  41  60
20  95  60
20  46  40
20  199  20
20  157  60
20  99  120
20  100  580
20  222  360
20  187  20
20  85  20
20  22  560
20  54  400
20  163  600
20  55  180
20  212  60
20  231  20
20  136  80
20  58  40
20  233  820
21  58  200
21  59  300
21  113  560
21  176  20
21  118  100
21  119  40
21  68  40
21  56  1280
21  70  40
21  106  20
21  139  20
21  185  580
21  28  420
21  71  40
21  192  20
21  193  20
21  22  580
21  195  60
21  52  480
21  23  400
21  199  20
21  57  200
21  172  20
21  27  60
21  29  160
21  89  40
21  191  100
21  168  20
21  117  60
21  202  1100
21  146  40
21  93  20
21  206  20
21  148  860
21  55  1160
21  150  20
21  41  20
21  42  600
21  43  20
21  46  40
21  84  3000
21  75  20
21  156  20
21  170  20
21  100  20
21  50  40
21  222  600
21  223  800
21  224  20
21  157  20
21  226  20
21  152  280
21  228  120
21  47  20
21  163  280
21  54  160
21  212  20
21  231  20
21  136  20
21  232  20
21  233  340
22  74  40
22  59  420
22  173  20
22  113  280
22  119  20
22  78  20
22  109  80
22  185  540
22  28  160
22  84  700
22  52  280
22  23  260
22  202  960
22  54  280
22  205  20
22  148  60
22  56  220
22  42  20
22  46  20
22  49  80
22  222  40
22  223  220
22  118  60
22  152  100
22  228  40
22  163  240
22  55  20
22  233  180
22  57  300
22  167  20
22  58  180
22  168  20
23  156  140
23  99  220
23  58  1260
23  59  60
23  173  20
23  101  20
23  113  540
23  114  20
23  125  20
23  65  20
23  50  200
23  176  100
23  185  60
23  68  40
23  69  60
23  89  60
23  56  60
23  103  20
23  117  40
23  127  20
23  74  20
23  139  300
23  131  20
23  28  180
23  133  40
23  33  20
23  195  40
23  52  740
23  197  20
23  75  20
23  95  20
23  57  160
23  172  20
23  27  340
23  29  20
23  30  20
23  31  20
23  32  20
23  141  60
23  168  200
23  203  60
23  202  500
23  146  60
23  206  40
23  148  280
23  55  180
23  150  400
23  24  20
23  210  20
23  91  20
23  41  40
23  38  20
23  214  60
23  154  20
23  216  20
23  46  280
23  84  500
23  70  120
23  170  40
23  100  120
23  145  20
23  102  40
23  222  160
23  223  80
23  118  62
23  104  20
23  152  220
23  228  900
23  71  60
23  163  320
23  54  340
23  212  280
23  231  60
23  136  380
23  232  20
23  233  300
24  87  100
24  98  20
24  25  20
24  33  400
24  34  20
24  37  40
24  38  80
24  39  100
24  41  180
24  42  20
24  43  100
24  45  1100
24  47  420
24  49  140
24  50  200
24  52  20
24  64  100
24  54  20
24  60  20
24  62  20
24  63  20
24  65  320
24  67  320
24  70  20
24  75  20
24  76  40
24  79  40
24  81  20
24  153  20
24  95  20
24  96  80
24  97  80
24  170  20
24  100  20
24  102  20
24  103  620
24  106  60
24  108  20
24  113  20
24  114  60
24  115  20
24  86  20
24  120  20
24  169  40
24  124  300
24  125  20
24  126  100
24  130  40
24  131  20
24  132  20
24  133  20
24  134  20
24  210  20
24  216  1080
24  211  60
24  154  20
24  157  80
24  158  20
24  85  20
24  161  20
24  164  20
24  168  20
24  212  60
24  176  60
24  179  40
24  187  20
24  188  40
24  26  120
24  191  60
24  192  40
24  236  80
24  196  20
24  197  340
24  203  20
24  229  1100
24  206  20
24  209  40
24  235  20
24  214  20
24  215  60
24  220  60
24  51  2080
24  225  20
24  226  100
24  227  20
24  138  1020
24  110  300
24  231  20
24  162  20
25  128  20
25  60  20
25  169  20
25  174  20
25  130  20
25  178  20
25  86  40
25  68  40
25  88  40
25  122  20
25  106  60
25  183  40
25  76  20
25  26  240
25  33  20
25  97  40
25  194  20
25  195  120
25  197  20
25  209  20
25  87  40
25  27  220
25  29  20
25  31  940
25  191  60
25  206  20
25  45  20
25  208  40
25  90  20
25  41  20
25  214  20
25  216  20
25  96  60
25  47  20
25  75  20
25  123  40
25  170  20
25  70  20
25  220  20
25  167  20
25  224  860
25  225  20
25  227  20
25  98  20
25  54  20
25  230  380
25  212  40
25  231  380
25  136  80
25  232  160
26  201  20
26  99  20
26  174  20
26  130  20
26  86  60
26  68  3800
26  88  20
26  103  20
26  136  1180
26  183  20
26  76  40
26  170  40
26  142  20
26  191  200
26  194  40
26  195  240
26  197  20
26  39  40
26  27  160
26  29  140
26  31  160
26  211  20
26  146  40
26  206  20
26  149  20
26  214  20
26  215  40
26  45  20
26  47  20
26  75  20
26  48  20
26  101  20
26  102  20
26  51  20
26  224  100
26  157  20
26  97  20
26  230  240
26  212  360
26  231  300
26  167  20
26  232  280
26  162  20
27  146  20
27  62  20
27  63  20
27  114  20
27  65  20
27  176  40
27  68  120
27  69  680
27  103  20
27  106  20
27  28  180
27  188  20
27  191  880
27  193  20
27  194  20
27  195  180
27  52  640
27  40  100
27  87  20
27  29  40
27  31  80
27  203  20
27  54  80
27  37  20
27  148  100
27  55  280
27  91  20
27  168  1600
27  216  20
27  46  20
27  139  20
27  70  80
27  186  20
27  100  660
27  101  20
27  51  40
27  224  200
27  187  20
27  177  20
27  85  100
27  71  20
27  229  20
27  230  20
27  212  40
27  231  140
27  136  100
27  232  1660
27  233  40
28  128  20
28  212  320
28  195  1640
28  59  260
28  112  60
28  197  40
28  113  520
28  114  20
28  173  20
28  117  20
28  179  20
28  68  40
28  89  60
28  223  960
28  103  40
28  71  20
28  127  160
28  75  20
28  163  920
28  185  100
28  133  20
28  172  20
28  191  120
28  51  20
28  231  79
28  52  900
28  138  20
28  139  40
28  200  20
28  29  40
28  152  800
28  232  160
28  202  1280
28  229  20
28  146  40
28  148  4220
28  39  20
28  90  20
28  40  40
28  168  80
28  42  60
28  214  40
28  154  20
28  46  40
28  84  340
28  211  20
28  156  20
28  99  20
28  100  20
28  50  20
28  222  460
28  96  80
28  224  20
28  118  200
28  104  40
28  85  40
28  228  20
28  54  340
28  55  620
28  56  460
28  57  240
28  136  20
28  58  300
28  233  900
29  59  160
29  114  40
29  68  320
29  106  20
29  127  40
29  185  180
29  188  20
29  195  60
29  75  100
29  32  40
29  141  20
29  191  60
29  146  60
29  148  40
29  150  20
29  168  120
29  42  20
29  154  20
29  46  40
29  156  40
29  99  20
29  136  340
29  224  80
29  71  280
29  54  20
29  230  120
29  212  60
29  231  200
29  72  40
29  232  20
29  233  20
30  177  40
30  60  20
30  62  1020
30  197  60
30  65  20
30  76  20
30  132  100
30  179  220
30  89  500
30  180  40
30  169  40
30  106  120
30  131  20
30  78  300
30  133  640
30  135  500
30  33  20
30  82  220
30  199  680
30  152  20
30  34  40
30  50  20
30  211  80
30  37  20
30  77  40
30  214  840
30  91  20
30  43  920
30  95  60
30  46  20
30  156  60
30  170  260
30  102  700
30  51  20
30  104  220
30  105  80
30  71  40
30  138  40
30  109  160
30  107  20
30  108  240
30  233  20
31  62  40
31  176  20
31  86  20
31  68  160
31  127  20
31  128  20
31  33  20
31  226  340
31  192  140
31  193  20
31  194  20
31  195  140
31  120  20
31  32  20
31  191  340
31  200  20
31  208  20
31  91  20
31  41  180
31  38  40
31  197  20
31  154  20
31  99  20
31  101  40
31  224  880
31  158  20
31  105  20
31  201  20
31  162  100
31  230  1440
31  212  80
31  231  180
31  136  40
31  232  180
31  110  20
32  156  140
32  154  80
32  99  2760
32  110  40
32  101  720
32  114  720
32  176  20
32  120  260
32  106  20
32  234  20
32  139  40
32  129  20
32  185  80
32  100  120
32  188  20
32  87  100
32  85  20
32  33  20
32  192  40
32  208  20
32  195  20
32  52  40
32  75  40
32  167  80
32  200  980
32  152  60
32  141  20
32  162  20
32  202  20
32  117  180
32  138  20
32  146  60
32  42  20
32  148  20
32  164  220
32  150  20
32  39  20
32  210  20
32  40  40
32  41  40
32  38  220
32  197  180
32  215  120
32  95  20
32  46  60
32  64  40
32  70  780
32  170  20
32  49  80
32  220  100
32  50  640
32  96  20
32  158  60
32  105  20
32  53  20
32  229  100
32  36  360
32  212  40
32  231  40
32  72  120
32  232  20
32  233  40
33  233  20
33  87  40
33  98  20
33  155  20
33  39  133
33  41  160
33  38  200
33  43  80
33  45  100
33  46  40
33  199  40
33  48  40
33  50  60
33  64  100
33  54  20
33  55  20
33  47  560
33  59  20
33  65  40
33  67  160
33  68  20
33  71  40
33  72  20
33  76  20
33  79  20
33  81  60
33  158  20
33  84  20
33  90  20
33  91  500
33  97  420
33  99  40
33  101  20
33  102  40
33  103  1080
33  108  40
33  86  20
33  124  40
33  125  20
33  126  1020
33  128  60
33  131  20
33  132  20
33  141  20
33  216  980
33  211  80
33  146  40
33  148  40
33  150  20
33  154  20
33  139  20
33  177  160
33  160  20
33  164  120
33  168  20
33  170  40
33  179  40
33  183  20
33  184  20
33  185  40
33  192  20
33  193  60
33  197  260
33  203  40
33  229  20
33  206  620
33  212  20
33  214  40
33  217  20
33  51  100
33  225  20
33  226  260
33  152  20
33  138  5640
33  110  300
33  136  20
33  162  160
34  107  1220
34  99  20
34  187  20
34  151  60
34  60  120
34  62  200
34  174  20
34  65  60
34  130  20
34  168  20
34  87  20
34  89  20
34  169  60
34  106  40
34  76  20
34  131  2380
34  188  2240
34  81  180
34  142  20
34  79  220
34  193  60
34  155  120
34  159  320
34  227  160
34  53  120
34  35  60
34  145  20
34  37  80
34  134  700
34  206  40
34  225  40
34  214  60
34  90  120
34  91  40
34  41  20
34  42  20
34  43  20
34  95  100
34  98  20
34  123  100
34  170  20
34  102  160
34  51  20
34  157  260
34  104  60
34  105  40
34  160  120
34  161  360
34  229  20
34  165  80
34  166  20
34  171  60
34  108  20
34  235  40
35  145  40
35  151  60
35  65  560
35  123  320
35  124  20
35  125  220
35  184  20
35  130  20
35  131  40
35  134  120
35  79  400
35  81  200
35  193  40
35  155  260
35  159  260
35  196  320
35  105  20
35  161  20
35  204  40
35  37  280
35  235  780
35  217  20
35  107  380
35  99  20
35  49  20
35  220  20
35  136  20
35  224  20
35  225  40
35  227  80
35  160  220
35  53  360
35  165  320
35  166  80
35  171  40
36  100  20
36  220  60
36  114  40
36  86  20
36  87  40
36  70  20
36  72  40
36  192  20
36  120  260
36  211  20
36  200  120
36  167  20
36  38  140
36  215  60
36  96  60
36  99  220
36  49  980
36  101  20
36  50  40
36  224  20
36  164  20
36  110  20
36  234  20
37  107  360
37  47  20
37  212  20
37  100  20
37  151  120
37  60  1040
37  63  120
37  65  60
37  130  1180
37  176  20
37  87  40
37  227  380
37  89  20
37  122  40
37  123  60
37  124  20
37  125  380
37  72  20
37  97  20
37  131  180
37  50  40
37  225  140
37  188  20
37  81  101
37  191  20
37  79  1380
37  193  80
37  195  20
37  196  20
37  197  40
37  46  20
37  138  40
37  161  20
37  53  220
37  145  100
37  159  20
37  90  120
37  91  20
37  41  60
37  214  20
37  95  60
37  96  20
37  190  20
37  92  20
37  169  1100
37  170  20
37  49  20
37  220  40
37  102  100
37  217  20
37  157  820
37  104  80
37  105  40
37  160  800
37  201  20
37  229  40
37  165  140
37  166  240
37  171  1380
37  235  280
38  39  680
38  99  860
38  72  20
38  114  20
38  101  60
38  176  20
38  86  40
38  67  180
38  103  180
38  128  120
38  139  20
38  131  40
38  192  80
38  209  40
38  87  20
38  210  20
38  216  20
38  64  140
38  200  40
38  147  20
38  120  1100
38  41  2460
38  213  20
38  197  440
38  215  40
38  45  180
38  97  160
38  170  20
38  49  20
38  220  40
38  50  20
38  51  720
38  226  2
38  47  540
38  162  320
38  138  160
38  164  120
38  165  20
38  107  20
38  126  140
38  110  260
39  87  100
39  89  20
39  98  60
39  155  40
39  41  4720
39  45  1360
39  46  20
39  47  1300
39  50  40
39  64  280
39  225  20
39  60  80
39  62  80
39  63  20
39  65  60
39  67  120
39  68  20
39  75  40
39  76  80
39  81  40
39  199  20
39  86  40
39  90  100
39  91  40
39  97  80
39  99  20
39  101  560
39  102  20
39  103  140
39  104  20
39  105  20
39  108  20
39  112  20
39  119  20
39  120  20
39  169  40
39  124  60
39  106  340
39  126  80
39  128  120
39  132  60
39  133  20
39  134  40
39  227  20
39  216  80
39  211  20
39  148  20
39  150  20
39  156  20
39  157  20
39  158  40
39  163  20
39  164  80
39  107  20
39  171  20
39  170  20
39  174  20
39  179  100
39  139  20
39  185  60
39  188  20
39  192  320
39  193  60
39  236  20
39  197  360
39  229  1000
39  206  20
39  212  20
39  214  20
39  215  20
39  51  1400
39  187  20
39  226  160
39  152  40
39  138  720
39  110  160
39  231  20
39  162  1360
40  73  340
40  172  20
40  59  40
40  111  840
40  112  40
40  175  160
40  176  240
40  118  60
40  119  20
40  68  1360
40  71  40
40  234  20
40  127  140
40  74  1960
40  139  20
40  83  140
40  52  20
40  198  20
40  141  160
40  202  40
40  203  4960
40  229  20
40  205  140
40  168  920
40  148  20
40  207  80
40  41  20
40  42  240
40  214  20
40  44  460
40  46  100
40  99  20
40  219  1180
40  101  80
40  50  20
40  146  20
40  157  40
40  85  4380
40  173  40
40  54  60
40  212  20
40  57  20
40  232  480
40  233  100
41  87  120
41  88  20
41  98  40
41  42  20
41  45  40
41  46  20
41  47  180
41  50  20
41  64  200
41  54  20
41  57  20
41  60  40
41  62  40
41  63  40
41  65  40
41  67  240
41  72  100
41  76  40
41  80  20
41  81  20
41  159  20
41  90  100
41  91  60
41  95  40
41  97  60
41  123  20
41  99  20
41  100  40
41  101  720
41  103  80
41  104  40
41  125  20
41  114  40
41  169  20
41  124  60
41  106  260
41  126  160
41  128  20
41  130  20
41  134  20
41  227  40
41  154  20
41  158  40
41  85  20
41  160  20
41  161  20
41  164  100
41  171  40
41  174  20
41  192  2820
41  193  40
41  236  60
41  195  40
41  52  20
41  197  380
41  200  60
41  229  120
41  206  40
41  207  20
41  208  20
41  110  80
41  215  160
41  220  20
41  51  360
41  226  1840
41  152  60
41  162  640
41  138  240
41  212  20
41  235  20
42  146  100
42  73  100
42  59  20
42  111  1640
42  112  40
42  175  40
42  176  660
42  66  1060
42  185  20
42  68  40
42  69  40
42  117  60
42  127  280
42  74  20
42  139  80
42  131  20
42  191  20
42  83  140
42  195  140
42  52  40
42  197  20
42  198  20
42  71  300
42  152  60
42  106  20
42  141  440
42  75  220
42  143  160
42  203  100
42  202  40
42  205  360
42  91  20
42  168  480
42  148  1260
42  207  200
42  154  100
42  95  20
42  46  160
42  70  40
42  100  20
42  101  20
42  50  40
42  156  300
42  224  20
42  104  60
42  85  340
42  119  40
42  161  20
42  173  40
42  55  1540
42  212  20
42  231  20
42  58  20
42  233  80
43  82  180
43  62  20
43  132  220
43  179  240
43  68  40
43  89  560
43  180  40
43  169  20
43  106  100
43  131  20
43  78  140
43  133  680
43  79  20
43  135  1360
43  199  2140
43  197  200
43  71  460
43  203  20
43  211  800
43  206  20
43  77  120
43  150  80
43  90  20
43  214  20
43  47  500
43  156  20
43  170  460
43  102  520
43  51  80
43  229  40
43  104  200
43  105  40
43  177  60
43  125  20
43  138  40
43  164  20
43  212  20
43  108  1340
43  109  480
44  73  300
44  111  160
44  112  100
44  175  400
44  176  320
44  66  240
44  69  40
44  71  3020
44  127  60
44  74  20
44  185  20
44  132  20
44  133  20
44  83  360
44  119  220
44  198  100
44  141  2700
44  143  20
44  203  640
44  205  320
44  207  120
44  46  220
44  177  20
44  85  80
44  173  100
44  168  460
45  47  320
45  61  20
45  62  20
45  72  20
45  114  40
45  174  40
45  86  20
45  67  40
45  70  60
45  103  920
45  126  180
45  128  120
45  139  20
45  100  20
45  192  860
45  236  80
45  195  20
45  196  20
45  197  1320
45  87  20
45  53  20
45  210  20
45  216  660
45  215  20
45  153  40
45  234  20
45  96  100
45  64  140
45  49  440
45  50  120
45  51  840
45  226  80
45  97  280
45  138  20
45  164  40
45  110  20
45  116  60
45  232  20
45  162  3120
46  89  20
46  98  40
46  191  20
46  50  126
46  55  40
46  59  40
46  65  40
46  198  860
46  68  60
46  69  140
46  70  400
46  71  420
46  73  160
46  74  20
46  75  800
46  76  20
46  83  200
46  84  20
46  91  40
46  95  20
46  172  20
46  101  60
46  105  20
46  112  240
46  114  20
46  117  60
46  119  360
46  124  60
46  125  20
46  127  300
46  133  20
46  141  160
46  143  80
46  211  20
46  146  440
46  148  40
46  150  540
46  154  40
46  156  260
46  85  100
46  160  20
46  168  2540
46  100  120
46  173  40
46  174  40
46  175  280
46  176  240
46  139  720
46  118  20
46  195  20
46  52  20
46  66  20
46  203  40
46  202  1840
46  205  220
46  207  200
46  214  20
46  225  20
46  152  20
46  138  20
46  212  100
46  231  60
46  136  60
46  233  20
47  156  60
47  60  100
47  72  40
47  114  20
47  116  40
47  65  20
47  130  20
47  176  60
47  206  20
47  214  80
47  67  20
47  89  20
47  169  20
47  181  20
47  106  760
47  126  440
47  128  280
47  184  20
47  133  20
47  134  20
47  79  20
47  192  180
47  236  920
47  138  160
47  197  3900
47  87  400
47  227  20
47  199  60
47  216  200
47  211  160
47  213  20
47  147  20
47  148  20
47  120  20
47  102  160
47  90  20
47  215  60
47  64  60
47  70  100
47  170  340
47  100  100
47  220  20
47  50  160
47  146  20
47  103  440
47  51  840
47  226  1860
47  105  20
47  97  1200
47  229  520
47  55  20
47  110  100
47  136  20
47  162  39
48  204  180
48  60  20
48  174  3620
48  65  60
48  178  160
48  86  220
48  179  160
48  121  220
48  88  220
48  98  520
48  71  20
48  183  320
48  184  260
48  76  4300
48  132  200
48  157  40
48  80  260
48  191  20
48  82  20
48  193  100
48  195  40
48  227  20
48  138  80
48  87  500
48  144  60
48  211  640
48  200  20
48  206  80
48  209  100
48  90  60
48  91  260
48  213  160
48  214  39
48  154  60
48  217  140
48  170  360
48  220  20
48  50  20
48  96  20
48  51  20
48  187  20
48  104  60
48  105  280
48  125  20
48  54  120
48  167  20
48  108  100
49  113  40
49  116  60
49  67  20
49  70  40
49  103  60
49  72  140
49  184  20
49  129  100
49  87  1100
49  200  100
49  216  180
49  55  20
49  208  20
49  167  100
49  215  20
49  217  20
49  64  20
49  99  240
49  100  120
49  220  60
49  50  60
49  96  140
49  51  20
49  158  120
49  97  20
49  229  40
49  164  60
49  212  40
50  87  300
50  89  40
50  64  60
50  54  80
50  60  20
50  200  340
50  68  40
50  69  20
50  70  2260
50  71  20
50  72  220
50  75  20
50  76  20
50  81  20
50  90  40
50  91  80
50  96  180
50  170  20
50  100  1840
50  101  180
50  105  60
50  114  240
50  115  20
50  117  20
50  86  40
50  120  100
50  103  100
50  126  120
50  127  20
50  129  60
50  131  20
50  133  40
50  216  20
50  146  160
50  148  60
50  150  240
50  154  20
50  156  120
50  158  260
50  85  20
50  164  80
50  167  60
50  168  20
50  99  120
50  172  20
50  176  60
50  139  140
50  191  40
50  192  20
50  236  40
50  52  20
50  197  120
50  203  60
50  229  240
50  212  20
50  214  20
50  215  1140
50  220  220
50  51  60
50  226  20
50  202  660
50  110  20
50  136  200
50  232  20
51  156  20
51  188  20
51  110  60
51  171  20
51  139  20
51  62  20
51  112  20
51  114  20
51  174  20
51  65  20
51  102  20
51  117  200
51  221  80
51  214  20
51  86  20
51  121  20
51  148  20
51  226  340
51  167  160
51  103  400
51  71  240
51  128  80
51  75  20
51  131  20
51  133  20
51  134  20
51  79  40
51  215  60
51  191  60
51  158  60
51  192  80
51  125  20
51  196  20
51  227  20
51  138  200
51  67  100
51  157  20
51  106  440
51  232  100
51  210  20
51  216  520
51  152  40
51  203  20
51  211  40
51  200  20
51  206  60
51  126  80
51  150  20
51  90  20
51  91  20
51  154  80
51  96  100
51  95  20
51  220  20
51  187  40
51  87  40
51  105  80
51  64  20
51  162  340
51  229  1940
51  197  200
51  72  80
51  108  20
51  233  20
52  212  100
52  59  180
52  205  60
52  112  20
52  113  520
52  173  20
52  176  20
52  66  100
52  87  20
52  70  40
52  106  20
52  75  840
52  226  20
52  138  40
52  139  1460
52  136  1640
52  152  940
52  202  160
52  203  40
52  163  1240
52  146  20
52  148  280
52  150  880
52  84  340
52  156  20
52  99  20
52  100  40
52  101  20
52  222  180
52  223  140
52  118  120
52  104  20
52  232  220
52  228  140
52  54  220
52  55  860
52  56  200
52  57  6000
52  72  20
52  58  120
52  233  300
53  212  40
53  107  120
53  65  20
53  130  20
53  123  160
53  125  20
53  76  20
53  131  80
53  134  140
53  79  460
53  81  60
53  191  20
53  82  100
53  155  100
53  196  300
53  159  660
53  161  20
53  150  20
53  90  20
53  235  160
53  97  40
53  157  100
53  102  20
53  225  40
53  104  20
53  227  80
53  160  140
53  190  360
53  163  20
53  165  40
53  166  40
53  171  120
53  162  20
54  59  1420
54  205  40
54  138  20
54  101  20
54  113  520
54  174  100
54  65  20
54  176  860
54  119  20
54  185  460
54  56  680
54  71  40
54  139  80
54  76  80
54  131  20
54  81  20
54  191  760
54  97  20
54  195  20
54  57  160
54  172  20
54  152  120
54  141  20
54  202  880
54  146  20
54  168  80
54  148  80
54  150  60
54  162  20
54  154  20
54  217  20
54  84  80
54  75  40
54  70  100
54  100  100
54  220  20
54  222  140
54  223  80
54  224  80
54  118  280
54  85  20
54  228  160
54  161  20
54  163  580
54  55  420
54  212  20
54  231  40
54  136  180
54  58  480
54  233  133
55  156  120
55  219  20
55  58  80
55  59  2240
55  111  20
55  62  20
55  112  20
55  113  140
55  114  40
55  176  460
55  179  20
55  68  20
55  82  20
55  56  100
55  124  20
55  71  20
55  127  20
55  74  20
55  139  20
55  103  60
55  185  120
55  226  20
55  191  40
55  236  20
55  195  80
55  75  40
55  138  20
55  57  3980
55  200  20
55  202  120
55  117  40
55  163  920
55  205  180
55  168  40
55  148  2380
55  225  20
55  84  80
55  197  20
55  70  20
55  186  20
55  222  220
55  96  40
55  224  60
55  118  60
55  223  60
55  152  120
55  228  40
55  212  20
55  231  160
55  136  80
55  232  260
55  233  160
56  59  20
56  113  560
56  89  20
56  74  20
56  185  180
56  83  20
56  84  20
56  202  2000
56  205  20
56  148  220
56  222  60
56  223  440
56  118  540
56  152  180
56  228  120
56  163  980
56  57  120
56  58  320
56  233  600
57  168  80
57  59  1280
57  111  20
57  173  20
57  113  560
57  71  20
57  127  20
57  74  20
57  185  200
57  78  20
57  202  180
57  205  20
57  148  120
57  84  160
57  222  120
57  223  840
57  118  60
57  226  20
57  152  920
57  228  60
57  163  1420
57  58  460
57  233  420
58  59  260
58  113  520
58  132  20
58  185  840
58  84  260
58  202  300
58  148  140
58  222  60
58  223  400
58  118  3720
58  152  480
58  228  460
58  163  400
58  233  60
59  212  120
59  113  120
59  114  20
59  176  1260
59  119  20
59  106  40
59  185  80
59  78  20
59  79  20
59  191  2380
59  83  20
59  195  120
59  202  280
59  203  80
59  168  60
59  148  120
59  89  20
59  90  40
59  84  240
59  231  80
59  117  40
59  172  40
59  222  160
59  223  340
59  118  340
59  226  80
59  152  320
59  228  700
59  163  140
59  136  40
59  233  1020
60  209  20
60  170  40
60  107  40
60  62  100
60  63  40
60  174  20
60  65  20
60  130  920
60  179  20
60  122  100
60  169  320
60  124  160
60  125  100
60  76  20
60  131  20
60  225  740
60  188  40
60  189  20
60  190  300
60  142  60
60  79  40
60  193  280
60  227  340
60  81  400
60  87  60
60  161  40
60  203  20
60  145  320
60  134  40
60  206  40
60  102  140
60  90  180
60  91  20
60  214  60
60  153  600
60  95  160
60  92  200
60  157  80
60  187  600
60  104  460
60  105  20
60  160  360
60  201  180
60  138  40
60  235  40
60  166  20
60  171  420
61  115  20
61  116  240
61  181  20
61  182  20
61  234  40
61  139  80
61  172  60
61  83  300
61  210  20
61  146  20
61  147  360
61  150  300
61  93  20
61  154  20
61  94  380
61  218  1100
61  156  60
61  186  40
61  219  800
61  221  40
61  167  20
61  162  20
62  156  20
62  168  60
62  63  120
62  174  20
62  65  680
62  176  20
62  135  40
62  125  120
62  87  20
62  68  60
62  161  40
62  89  20
62  122  40
62  169  140
62  124  320
62  106  20
62  127  20
62  130  80
62  131  240
62  187  220
62  188  540
62  189  20
62  142  40
62  191  20
62  177  20
62  193  260
62  155  1200
62  159  20
62  227  20
62  95  2360
62  81  40
62  157  20
62  141  20
62  143  20
62  134  240
62  206  160
62  90  280
62  91  860
62  153  20
62  190  100
62  92  20
62  98  100
62  102  2300
62  224  20
62  225  200
62  104  160
62  105  120
62  160  20
62  201  720
62  138  20
62  165  100
62  171  20
62  216  20
62  162  20
63  174  20
63  65  100
63  67  20
63  122  140
63  169  120
63  124  20
63  125  20
63  130  126
63  131  60
63  187  120
63  188  120
63  189  820
63  142  100
63  193  100
63  81  20
63  92  80
63  145  120
63  134  20
63  90  260
63  91  20
63  180  20
63  95  80
63  190  60
63  102  480
63  225  360
63  227  60
63  160  60
63  201  80
63  107  20
63  164  20
63  166  540
63  171  100
64  72  80
64  114  80
64  86  20
64  67  180
64  167  20
64  103  100
64  126  140
64  128  360
64  129  40
64  76  20
64  185  20
64  80  80
64  226  140
64  192  180
64  197  160
64  87  60
64  216  80
64  138  120
64  200  60
64  147  20
64  152  20
64  83  20
64  215  60
64  96  20
64  99  40
64  101  40
64  158  20
64  227  20
64  97  60
64  163  20
64  164  480
64  110  140
64  234  140
64  162  160
65  99  20
65  138  20
65  130  100
65  176  80
65  179  20
65  68  20
65  161  320
65  89  20
65  122  20
65  169  80
65  124  3900
65  125  100
65  127  20
65  76  60
65  131  80
65  132  60
65  187  60
65  188  440
65  189  20
65  190  260
65  193  2660
65  155  40
65  195  20
65  199  20
65  81  40
65  87  40
65  201  180
65  106  40
65  145  520
65  78  20
65  159  1000
65  150  20
65  90  760
65  91  120
65  153  40
65  95  480
65  92  60
65  157  280
65  100  20
65  102  120
65  225  40
65  177  20
65  105  40
65  230  20
65  107  40
65  171  20
65  232  20
65  168  20
66  73  140
66  111  60
66  112  40
66  175  280
66  176  120
66  119  660
66  69  40
66  71  60
66  127  40
66  74  40
66  75  80
66  83  140
66  198  60
66  141  120
66  143  2
66  203  20
66  205  100
66  207  60
66  222  60
66  118  160
66  85  140
66  173  40
66  168  140
67  209  20
67  117  20
67  86  20
67  120  20
67  121  20
67  103  120
67  126  40
67  128  60
67  139  20
67  129  20
67  142  20
67  192  40
67  97  33
67  236  20
67  197  120
67  200  60
67  201  20
67  138  100
67  91  20
67  215  20
67  99  20
67  220  20
67  226  120
67  227  20
67  162  1400
67  229  20
67  164  100
67  212  20
67  231  20
67  72  40
67  216  280
67  110  640
68  156  60
68  114  60
68  116  20
68  176  60
68  121  100
68  181  40
68  117  40
68  72  20
68  127  20
68  129  20
68  185  140
68  133  20
68  188  20
68  191  40
68  193  20
68  194  100
68  195  320
68  75  40
68  187  40
68  152  160
68  141  80
68  203  140
68  211  40
68  168  240
68  148  60
68  230  180
68  150  80
68  157  80
68  212  540
68  95  60
68  98  20
68  70  20
68  170  20
68  100  40
68  124  20
68  224  140
68  225  20
68  177  40
68  85  420
68  161  20
68  219  760
68  231  140
68  136  700
68  232  500
68  233  520
69  127  20
69  139  120
69  111  20
69  175  80
69  176  40
69  70  20
69  71  40
69  73  80
69  74  60
69  75  60
69  185  20
69  83  80
69  195  20
69  141  40
69  143  40
69  117  240
69  205  60
69  207  60
69  90  20
69  154  60
69  156  100
69  146  80
69  104  20
69  85  20
69  168  460
70  156  140
70  75  40
70  179  20
70  100  62
70  72  240
70  114  240
70  116  20
70  102  20
70  117  20
70  120  40
70  103  40
70  71  20
70  127  40
70  128  460
70  139  120
70  129  80
70  191  20
70  193  20
70  236  20
70  125  20
70  87  40
70  136  180
70  141  40
70  216  100
70  202  540
70  203  40
70  229  300
70  146  80
70  200  60
70  148  20
70  150  280
70  91  20
70  110  200
70  215  80
70  99  100
70  101  180
70  96  120
70  161  20
70  162  20
70  197  140
70  126  160
70  232  20
70  168  20
71  73  200
71  154  1100
71  186  40
71  109  60
71  111  140
71  113  60
71  114  40
71  76  20
71  176  420
71  177  40
71  231  20
71  205  180
71  117  40
71  127  40
71  74  160
71  139  60
71  185  280
71  172  600
71  136  20
71  85  60
71  83  360
71  84  20
71  198  160
71  141  920
71  75  39
71  203  800
71  211  80
71  146  1180
71  148  40
71  207  60
71  150  240
71  168  140
71  199  160
71  175  60
71  156  240
71  100  20
71  101  160
71  222  40
71  157  20
71  104  20
71  105  100
71  119  60
71  212  760
71  234  580
71  232  20
71  233  20
72  100  620
72  146  20
72  101  580
72  114  180
72  86  20
72  103  100
72  129  40
72  226  20
72  192  40
72  97  60
72  197  60
72  167  260
72  87  200
72  121  40
72  216  20
72  204  20
72  200  230
72  120  20
72  215  900
72  96  860
72  99  20
72  220  340
72  158  2140
72  98  20
72  229  40
72  164  100
72  126  60
72  232  20
72  162  80
73  111  200
73  112  480
73  175  500
73  176  400
73  127  120
73  74  40
73  75  36
73  83  480
73  198  600
73  141  320
73  203  80
73  205  3080
73  207  100
73  221  20
73  177  20
73  85  600
73  173  60
73  168  120
74  127  100
74  119  20
74  111  20
74  112  40
74  175  60
74  176  120
74  89  20
74  75  60
74  132  20
74  198  20
74  141  20
74  143  20
74  203  420
74  202  20
74  205  140
74  207  20
74  223  40
74  85  60
74  173  20
74  233  80
75  127  180
75  172  20
75  111  100
75  112  1040
75  99  40
75  174  20
75  173  20
75  175  40
75  176  260
75  87  40
75  93  20
75  124  20
75  139  2020
75  191  20
75  83  160
75  198  40
75  84  20
75  150  960
75  143  200
75  205  220
75  134  20
75  207  440
75  102  20
75  168  100
75  156  40
75  170  40
75  100  20
75  146  120
75  104  20
75  85  160
75  197  20
75  136  800
75  232  40
75  233  20
76  156  20
76  209  180
76  170  820
76  211  1340
76  139  20
76  138  60
76  114  20
76  174  3020
76  102  40
76  117  20
76  86  80
76  179  60
76  121  240
76  88  480
76  124  20
76  183  20
76  184  280
76  130  60
76  132  80
76  187  40
76  80  120
76  226  20
76  193  80
76  194  20
76  195  20
76  227  20
76  87  140
76  161  20
76  106  20
76  144  120
76  204  20
76  206  120
76  208  20
76  90  40
76  91  480
76  213  80
76  214  200
76  154  20
76  157  20
76  220  20
76  224  20
76  225  60
76  104  180
76  105  420
76  98  340
76  212  20
76  167  20
76  108  120
77  179  740
77  180  60
77  132  2600
77  106  40
77  176  20
77  78  40
77  133  100
77  104  200
77  105  40
77  135  160
77  82  40
77  109  300
77  193  20
77  199  160
77  108  840
77  89  140
78  177  80
78  113  20
78  130  60
78  179  360
78  89  1120
78  180  160
78  169  80
78  106  100
78  132  240
78  133  840
78  79  20
78  135  360
78  82  280
78  109  80
78  193  20
78  152  20
78  90  20
78  165  40
78  153  20
78  95  20
78  199  1240
78  223  20
78  104  120
78  105  540
78  160  20
78  125  40
78  166  20
78  233  20
78  108  40
78  131  20
79  157  100
79  132  20
79  89  60
79  123  40
79  106  40
79  130  500
79  131  840
79  133  40
79  134  40
79  188  40
79  81  240
79  190  20
79  193  40
79  125  620
79  196  60
79  197  40
79  90  100
79  161  40
79  227  200
79  142  20
79  145  60
79  159  1040
79  214  60
79  151  100
79  235  20
79  153  40
79  107  120
79  169  320
79  170  140
79  187  60
79  104  20
79  105  40
79  160  360
79  229  20
79  165  240
79  166  20
79  171  120
80  170  60
80  204  20
80  174  100
80  178  120
80  86  140
80  179  20
80  121  40
80  88  80
80  98  40
80  124  40
80  183  40
80  184  60
80  188  20
80  82  60
80  194  40
80  144  120
80  211  40
80  206  120
80  208  20
80  209  80
80  140  20
80  213  20
80  214  120
80  217  20
80  96  20
80  190  80
80  163  100
80  164  120
80  107  20
81  169  80
81  145  20
81  212  20
81  139  80
81  151  20
81  114  20
81  174  20
81  178  20
81  161  80
81  122  60
81  123  60
81  124  80
81  106  20
81  183  40
81  130  180
81  131  60
81  132  20
81  133  40
81  187  280
81  189  60
81  188  60
81  193  20
81  155  40
81  125  40
81  197  40
81  138  20
81  87  40
81  144  20
81  203  20
81  204  20
81  134  40
81  159  120
81  91  20
81  215  20
81  95  120
81  107  480
81  92  80
81  157  1340
81  170  20
81  225  280
81  104  540
81  227  980
81  160  1100
81  201  20
81  165  60
81  166  440
81  171  2400
81  235  480
82  132  620
82  179  660
82  89  400
82  180  80
82  98  20
82  124  20
82  106  240
82  133  280
82  157  20
82  135  780
82  190  40
82  177  40
82  83  20
82  193  20
82  194  100
82  211  20
82  199  300
82  225  20
82  104  1040
82  105  180
82  163  20
82  107  20
82  108  420
82  109  420
83  210  20
83  139  20
83  111  100
83  112  180
83  115  20
83  116  460
83  175  120
83  176  280
83  234  20
83  127  140
83  193  20
83  152  40
83  119  120
83  172  160
83  141  120
83  143  140
83  198  60
83  203  120
83  202  20
83  205  280
83  207  280
83  90  20
83  94  900
83  218  20
83  156  20
83  186  20
83  219  40
83  225  20
83  85  160
83  190  20
83  173  300
83  168  140
84  113  1040
84  87  20
84  127  20
84  185  120
84  143  20
84  202  60
84  148  120
84  168  20
84  222  120
84  223  220
84  118  120
84  152  40
84  228  20
84  163  60
84  233  900
85  127  40
85  170  20
85  176  240
85  219  1660
85  111  340
85  112  60
85  115  20
85  173  40
85  102  20
85  117  20
85  205  40
85  185  20
85  133  20
85  134  20
85  221  20
85  191  40
85  198  100
85  119  160
85  172  20
85  141  220
85  143  2260
85  203  220
85  163  20
85  146  40
85  207  1940
85  150  60
85  214  20
85  175  80
85  99  40
85  100  20
85  101  20
85  118  100
85  104  20
85  152  20
85  160  20
85  125  20
85  212  20
85  232  840
85  168  1100
86  209  60
86  128  20
86  211  60
86  212  40
86  174  100
86  117  20
86  206  1040
86  178  100
86  121  20
86  88  80
86  122  20
86  181  20
86  182  20
86  183  40
86  184  20
86  191  40
86  236  20
86  87  20
86  144  40
86  204  20
86  213  80
86  147  20
86  120  20
86  149  20
86  208  60
86  140  20
86  92  20
86  170  80
86  217  200
86  169  20
86  227  20
86  97  20
86  162  40
86  165  20
86  232  20
86  110  20
87  89  20
87  98  240
87  191  20
87  224  40
87  200  60
87  90  40
87  91  20
87  96  60
87  99  1180
87  100  60
87  101  160
87  104  20
87  105  80
87  108  20
87  114  100
87  120  40
87  169  60
87  125  20
87  126  20
87  127  20
87  128  20
87  129  20
87  130  100
87  141  20
87  150  20
87  158  1040
87  164  80
87  165  40
87  107  20
87  167  80
87  174  160
87  176  20
87  184  20
87  192  20
87  193  20
87  197  160
87  138  40
87  206  20
87  208  20
87  214  20
87  215  440
87  220  220
87  226  20
87  227  20
87  229  220
87  235  20
87  136  20
87  232  20
88  186  40
88  174  220
88  178  120
88  121  340
88  98  20
88  183  160
88  184  260
88  142  20
88  195  20
88  140  40
88  216  20
88  144  360
88  204  2880
88  206  20
88  208  20
88  209  160
88  211  100
88  214  160
88  217  60
88  170  180
88  96  20
88  226  20
88  227  20
88  165  20
88  107  20
88  136  20
88  162  20
89  177  220
89  145  20
89  197  20
89  174  40
89  130  80
89  180  140
89  132  100
89  124  60
89  106  40
89  133  2320
89  157  20
89  135  540
89  109  200
89  150  20
89  199  660
89  125  80
89  90  20
89  179  200
89  134  400
89  148  20
89  214  101
89  151  40
89  91  60
89  212  60
89  153  120
89  169  180
89  170  220
89  101  20
89  225  20
89  104  480
89  105  820
89  201  20
89  107  20
89  108  620
89  131  140
90  170  20
90  174  40
90  142  140
90  122  380
90  132  220
90  124  1000
90  125  80
90  184  20
90  131  60
90  187  140
90  189  20
90  190  720
90  191  20
90  188  140
90  193  9300
90  197  60
90  150  20
90  179  140
90  95  600
90  201  60
90  227  80
90  91  40
90  203  20
90  134  180
90  148  20
90  102  260
90  157  600
90  214  20
90  152  20
90  153  80
90  216  20
90  92  60
90  169  320
90  100  20
90  130  740
90  225  100
90  104  80
90  159  100
90  160  20
90  229  20
90  171  20
90  108  100
90  161  920
91  105  1020
91  201  1660
91  170  20
91  114  20
91  174  340
91  102  100
91  229  40
91  179  60
91  231  80
91  202  40
91  122  260
91  124  140
91  106  60
91  131  20
91  133  20
91  187  80
91  188  1080
91  189  40
91  190  60
91  191  20
91  177  500
91  193  100
91  194  20
91  227  20
91  141  20
91  142  20
91  203  20
91  145  40
91  206  2480
91  148  20
91  134  200
91  208  20
91  214  20
91  153  80
91  95  760
91  199  20
91  157  120
91  169  60
91  146  20
91  130  120
91  224  20
91  225  120
91  104  880
91  159  60
91  92  40
91  98  20
91  138  140
91  166  20
91  171  80
91  108  100
92  122  20
92  169  140
92  124  40
92  125  60
92  130  140
92  131  20
92  132  20
92  187  860
92  188  40
92  142  20
92  192  20
92  193  60
92  107  160
92  189  20
92  145  300
92  153  140
92  95  80
92  190  320
92  102  160
92  225  49
92  227  120
92  160  60
92  201  140
92  138  20
92  166  40
92  171  40
92  162  20
93  172  20
93  116  40
93  115  60
93  174  20
93  117  120
93  182  4300
93  234  180
93  191  20
93  210  440
93  146  40
93  149  20
93  150  80
93  154  120
93  215  20
93  139  20
93  218  1100
93  219  20
93  97  40
94  137  60
94  218  500
94  181  20
94  182  20
94  234  200
94  156  540
94  147  80
94  139  40
94  219  280
94  210  40
94  172  1080
94  97  40
94  146  120
94  116  40
94  221  60
95  154  20
95  212  20
95  187  260
95  114  20
95  174  60
95  132  20
95  179  40
95  227  40
95  122  760
95  98  600
95  124  1120
95  106  20
95  184  40
95  130  20
95  131  20
95  157  480
95  188  320
95  193  580
95  125  40
95  201  120
95  142  880
95  168  20
95  145  120
95  134  20
95  206  80
95  152  20
95  150  60
95  214  40
95  153  300
95  107  20
95  190  420
95  169  80
95  99  20
95  102  620
95  224  20
95  225  360
95  104  160
95  105  40
95  160  60
95  138  40
95  162  20
95  166  20
95  171  40
95  108  40
95  161  900
96  99  60
96  236  40
96  100  180
96  186  40
96  114  80
96  101  920
96  221  20
96  103  620
96  129  160
96  208  20
96  155  20
96  195  20
96  196  40
96  197  20
96  120  120
96  216  40
96  200  440
96  206  20
96  148  100
96  164  180
96  150  20
96  140  20
96  167  240
96  215  320
96  220  180
96  158  80
96  227  20
96  229  20
96  165  20
96  231  20
96  232  20
97  201  20
97  151  20
97  138  40
97  114  20
97  206  20
97  184  40
97  103  2
97  182  20
97  128  320
97  129  20
97  215  20
97  192  320
97  226  340
97  197  49
97  200  20
97  216  100
97  204  20
97  147  20
97  208  40
97  214  20
97  222  20
97  219  20
97  224  20
97  157  20
97  158  20
97  162  39
97  164  20
97  212  20
97  231  20
97  126  80
97  110  100
98  209  340
98  170  560
98  211  40
98  174  440
98  176  20
98  178  200
98  106  20
98  183  120
98  184  40
98  132  60
98  133  20
98  157  100
98  179  100
98  121  1080
98  144  80
98  203  20
98  204  20
98  146  20
98  206  20
98  208  20
98  213  280
98  214  260
98  101  40
98  187  40
98  104  20
98  161  40
98  108  20
99  105  20
99  154  40
99  179  20
99  220  60
99  114  800
99  156  600
99  176  20
99  164  200
99  117  540
99  127  20
99  184  20
99  100  80
99  136  20
99  191  40
99  192  20
99  195  20
99  138  40
99  227  20
99  152  20
99  203  20
99  202  80
99  146  60
99  200  120
99  148  20
99  120  1620
99  197  60
99  215  60
99  170  20
99  101  620
99  219  20
99  158  20
99  106  20
99  162  60
99  229  60
99  212  60
99  107  20
99  110  20
100  156  80
100  170  40
100  139  100
100  146  100
100  114  40
100  176  20
100  124  20
100  128  20
100  129  20
100  193  20
100  167  100
100  120  20
100  216  140
100  229  180
100  117  20
100  200  20
100  126  260
100  150  180
100  215  140
100  220  2380
100  158  80
100  182  20
100  164  100
100  197  280
100  232  100
100  168  180
101  156  80
101  203  180
101  114  1260
101  176  60
101  168  40
101  121  40
101  127  20
101  129  400
101  191  60
101  226  200
101  192  160
101  195  20
101  200  120
101  120  120
101  136  20
101  117  20
101  229  100
101  146  120
101  126  20
101  150  40
101  154  20
101  215  580
101  219  40
101  220  20
101  158  220
101  164  140
101  212  860
101  231  60
101  233  40
102  156  140
102  157  20
102  145  40
102  212  20
102  122  160
102  124  680
102  106  40
102  131  20
102  187  360
102  188  300
102  107  20
102  190  40
102  197  140
102  193  100
102  199  40
102  125  100
102  227  100
102  142  60
102  211  440
102  165  20
102  214  20
102  153  60
102  169  240
102  170  260
102  136  20
102  130  520
102  225  240
102  104  20
102  105  40
102  160  20
102  201  120
102  138  20
102  235  60
102  166  40
102  171  140
103  236  20
103  114  20
103  124  20
103  128  180
103  191  20
103  192  80
103  155  20
103  206  20
103  164  20
103  226  240
103  159  20
103  162  60
103  138  40
103  197  160
103  126  280
103  216  860
103  110  80
104  169  180
104  105  1260
104  188  140
104  168  320
104  108  680
104  174  60
104  176  40
104  132  640
104  202  40
104  180  160
104  124  40
104  127  20
104  133  360
104  187  20
104  109  440
104  193  40
104  199  480
104  125  20
104  135  840
104  179  600
104  157  20
104  106  180
104  141  60
104  203  20
104  211  40
104  134  40
104  206  1040
104  148  100
104  227  20
104  214  160
104  175  60
104  156  20
104  130  60
104  225  60
104  177  1100
104  161  20
104  212  40
104  171  120
104  232  120
104  131  20
105  131  60
105  188  20
105  212  20
105  174  260
105  132  180
105  214  140
105  180  220
105  169  40
105  133  380
105  134  120
105  135  160
105  136  20
105  150  20
105  155  20
105  197  20
105  199  340
105  160  20
105  179  300
105  201  20
105  141  20
105  203  40
105  211  100
105  206  900
105  165  20
105  170  60
105  156  100
105  130  20
105  157  20
105  177  40
105  106  60
105  229  40
105  109  1240
105  171  20
105  108  40
105  233  20
106  170  80
106  211  40
106  174  20
106  176  20
106  132  660
106  179  3060
106  202  60
106  180  220
106  124  60
106  125  20
106  133  140
106  185  20
106  191  20
106  199  300
106  197  200
106  229  220
106  135  180
106  141  20
106  177  60
106  134  20
106  214  20
106  157  240
106  154  20
106  225  40
106  160  20
106  138  40
106  108  80
106  109  80
107  169  20
107  151  80
107  114  20
107  161  40
107  122  60
107  123  1340
107  124  20
107  136  20
107  184  40
107  130  40
107  131  200
107  145  120
107  134  240
107  142  40
107  155  880
107  195  20
107  196  40
107  167  20
107  120  20
107  227  1040
107  204  40
107  200  20
107  165  660
107  140  20
107  215  20
107  153  20
107  217  20
107  157  240
107  220  40
107  225  140
107  159  60
107  160  660
107  235  280
107  166  60
107  171  480
108  170  80
108  174  180
108  132  2260
108  180  140
108  133  840
108  188  20
108  135  180
108  193  60
108  199  180
108  197  120
108  179  2400
108  177  80
108  206  20
108  214  100
108  229  60
108  165  20
108  136  60
108  109  260
109  177  40
109  179  540
109  180  360
109  132  300
109  133  160
109  135  160
109  199  260
110  114  20
110  116  20
110  120  20
110  126  120
110  128  900
110  134  20
110  226  220
110  192  160
110  236  440
110  196  20
110  197  160
110  216  80
110  146  20
110  150  40
110  220  20
110  158  100
110  138  440
110  164  20
110  165  20
110  162  100
111  127  20
111  112  280
111  176  3000
111  198  20
111  119  60
111  141  80
111  143  20
111  203  20
111  205  40
111  207  120
111  118  100
111  226  40
111  228  60
111  173  80
111  168  120
112  173  180
112  175  20
112  176  440
112  236  20
112  119  2500
112  198  180
112  152  20
112  141  60
112  203  480
112  205  120
112  148  40
112  207  20
112  138  20
112  197  40
112  168  140
113  172  20
113  176  20
113  119  20
113  185  140
113  132  20
113  143  20
113  202  460
113  205  20
113  148  700
113  222  1220
113  223  1620
113  118  40
113  152  240
113  228  60
113  163  340
113  233  2320
114  156  1140
114  154  60
114  219  20
114  172  40
114  220  60
114  174  20
114  117  800
114  234  160
114  127  20
114  231  20
114  129  2200
114  136  20
114  195  40
114  138  20
114  167  80
114  120  860
114  162  20
114  202  20
114  203  20
114  146  80
114  200  60
114  206  20
114  134  20
114  164  320
114  150  20
114  214  20
114  215  120
114  158  40
114  152  20
114  230  20
114  229  220
114  212  60
114  168  20
115  176  20
115  116  80
115  221  3460
115  117  140
115  181  480
115  182  340
115  234  20
115  139  80
115  137  480
115  120  40
115  146  20
115  149  580
115  150  180
115  154  40
115  218  100
115  156  80
115  186  800
115  219  20
115  224  20
115  158  20
115  230  20
116  172  820
116  174  20
116  117  20
116  181  40
116  182  20
116  234  160
116  139  920
116  129  20
116  210  160
116  216  40
116  146  120
116  147  60
116  149  80
116  150  20
116  137  40
116  154  80
116  218  60
116  156  120
116  224  20
116  219  20
117  156  1060
117  186  220
117  172  20
117  221  380
117  176  60
117  178  20
117  181  20
117  127  40
117  139  740
117  191  20
117  208  20
117  121  20
117  141  60
117  202  80
117  203  20
117  138  20
117  146  300
117  150  200
117  137  60
117  210  100
117  154  2520
117  218  40
117  182  60
117  229  40
117  219  120
117  231  40
117  234  460
117  232  20
117  233  40
118  176  20
118  185  60
118  119  20
118  152  220
118  202  140
118  163  80
118  205  20
118  148  60
118  197  20
118  222  560
118  223  20
118  228  5520
118  233  80
119  173  20
119  175  80
119  176  120
119  198  300
119  141  40
119  203  20
119  222  120
119  152  20
119  168  260
120  220  80
120  181  20
120  129  680
120  226  120
120  192  40
120  167  40
120  216  20
120  200  40
120  212  20
120  215  100
120  224  40
120  158  60
120  227  20
120  164  20
120  162  40
121  211  220
121  174  140
121  178  40
121  183  360
121  184  240
121  191  40
121  226  60
121  195  20
121  144  40
121  204  100
121  200  60
121  206  60
121  208  160
121  209  240
121  140  80
121  213  160
121  214  40
121  154  20
121  217  20
121  139  20
121  170  1220
121  221  40
121  224  40
121  158  40
121  227  20
121  201  20
121  167  20
122  169  320
122  124  1420
122  130  80
122  131  100
122  225  240
122  188  200
122  193  300
122  155  20
122  189  100
122  161  40
122  145  140
122  153  80
122  190  240
122  157  200
122  187  140
122  227  60
122  160  20
122  201  220
122  166  20
123  165  80
123  151  20
123  159  680
123  157  60
123  131  40
123  134  800
123  235  60
123  155  100
123  171  40
123  196  100
124  174  20
124  130  100
124  179  40
124  169  1400
124  184  20
124  131  180
124  132  20
124  188  300
124  191  40
124  193  420
124  125  60
124  197  20
124  189  20
124  187  280
124  161  800
124  142  520
124  145  100
124  150  20
124  153  180
124  190  80
124  157  1120
124  225  240
124  227  40
124  160  40
124  201  160
124  138  20
124  212  20
124  166  40
124  232  20
125  156  20
125  170  80
125  212  60
125  161  20
125  130  420
125  131  20
125  133  140
125  187  380
125  190  20
125  188  40
125  193  220
125  155  20
125  201  60
125  227  340
125  145  60
125  165  20
125  214  100
125  153  80
125  199  40
125  169  640
125  225  400
125  159  80
125  160  160
125  197  40
125  171  60
126  206  20
126  128  100
126  184  20
126  236  380
126  197  280
126  216  180
126  144  20
126  200  20
126  147  20
126  215  20
126  170  20
126  226  3760
126  138  1080
126  162  60
127  176  420
127  231  320
127  173  60
127  175  540
127  185  20
127  195  60
127  152  260
127  141  40
127  143  80
127  203  33
127  205  240
127  148  40
127  207  160
127  150  20
127  154  100
127  139  140
127  156  20
127  146  140
127  224  20
127  157  40
127  168  20
128  184  20
128  174  20
128  139  80
128  129  60
128  226  60
128  192  20
128  236  160
128  197  600
128  216  60
128  211  20
128  150  40
128  215  20
128  156  20
128  158  160
128  208  20
128  138  60
128  164  120
128  162  100
129  197  100
129  200  100
129  167  100
129  215  60
129  154  20
129  220  20
129  158  20
129  229  20
129  164  100
129  162  40
130  145  20
130  212  20
130  151  40
130  169  840
130  133  100
130  187  420
130  190  320
130  142  40
130  188  40
130  193  140
130  199  60
130  226  20
130  197  20
130  179  20
130  201  60
130  227  60
130  211  20
130  165  100
130  214  40
130  153  120
130  157  20
130  170  20
130  225  220
130  160  40
130  235  20
130  166  20
130  171  40
131  169  80
131  154  20
131  212  20
131  161  280
131  176  60
131  227  540
131  185  20
131  187  20
131  189  20
131  165  80
131  188  1000
131  193  40
131  155  100
131  196  20
131  201  20
131  141  20
131  211  20
131  197  60
131  134  2900
131  153  20
131  157  480
131  225  100
131  159  160
131  160  280
131  235  80
131  166  40
131  171  100
132  170  100
132  174  40
132  214  40
132  179  5020
132  180  80
132  133  540
132  157  60
132  193  840
132  199  960
132  197  220
132  135  140
132  227  20
132  134  20
132  150  20
132  190  20
132  136  20
132  222  40
132  225  20
132  160  20
132  229  40
132  164  20
132  231  20
132  171  20
133  177  140
133  188  40
133  151  40
133  176  20
133  214  720
133  179  220
133  180  220
133  136  40
133  153  40
133  134  40
133  199  1160
133  135  200
133  201  20
133  211  120
133  150  20
133  212  60
133  169  60
133  170  240
133  157  40
133  138  20
133  230  20
133  165  40
133  166  20
133  171  40
134  212  20
134  151  20
134  174  40
134  161  160
134  157  220
134  188  100
134  192  20
134  193  60
134  155  1380
134  196  260
134  135  20
134  201  80
134  227  660
134  141  40
134  203  20
134  145  20
134  206  140
134  165  60
134  214  180
134  169  80
134  170  20
134  225  160
134  159  1440
134  160  40
134  235  120
134  166  20
134  171  80
135  177  1600
135  179  540
135  180  80
135  225  20
135  189  20
135  199  300
135  227  20
135  187  20
135  201  20
135  166  40
135  171  20
136  156  40
136  186  20
136  231  420
136  176  40
136  191  40
136  194  100
136  195  320
136  139  79
136  232  140
136  141  20
136  204  20
136  146  100
136  152  20
136  164  20
136  150  1060
136  138  20
136  214  20
136  154  20
136  224  60
136  157  20
136  212  260
136  233  20
137  181  340
137  182  40
137  234  100
137  156  20
137  186  20
137  219  20
137  210  20
137  146  100
137  147  20
137  162  20
137  149  79
137  150  20
138  174  40
138  139  40
138  185  20
138  157  20
138  188  40
138  191  20
138  226  420
138  236  40
138  197  60
138  199  40
138  161  40
138  203  40
138  229  40
138  206  420
138  152  20
138  214  20
138  170  40
138  211  140
138  193  100
138  222  20
138  225  20
138  177  20
138  227  20
138  208  20
138  162  80
138  212  40
138  216  180
139  156  4040
139  183  40
139  176  120
139  197  20
139  181  120
139  172  140
139  188  20
139  221  120
139  191  40
139  195  160
139  209  20
139  141  20
139  202  20
139  203  20
139  211  20
139  146  560
139  147  320
139  148  40
139  149  20
139  150  79
139  210  20
139  154  160
139  218  60
139  186  420
139  158  120
139  160  20
139  182  40
139  219  60
139  231  40
139  234  300
139  168  20
140  204  60
140  174  100
140  178  180
140  183  120
140  184  720
140  144  100
140  211  80
140  206  20
140  208  460
140  213  40
140  214  200
140  170  100
140  167  40
140  217  200
140  229  20
140  212  20
140  171  20
141  176  340
141  172  2660
141  173  80
141  177  40
141  198  80
141  143  20
141  203  4280
141  205  200
141  148  20
141  207  20
141  168  880
141  154  62
141  175  380
141  219  40
141  146  420
141  160  20
141  212  20
141  231  40
141  233  20
142  211  20
142  169  80
142  225  40
142  188  60
142  189  20
142  193  120
142  145  40
142  153  20
142  157  20
142  187  60
142  227  20
142  201  20
142  166  20
142  171  20
143  203  40
143  223  20
143  207  1640
143  176  20
143  205  180
143  168  300
144  204  340
144  174  280
144  178  180
144  183  220
144  184  940
144  236  40
144  211  340
144  206  20
144  208  720
144  209  40
144  213  60
144  214  120
144  217  100
144  156  20
144  170  80
144  171  20
145  169  120
145  225  380
145  188  40
145  193  60
145  189  80
145  227  60
145  148  20
145  190  140
145  222  20
145  187  560
145  159  380
145  160  380
145  201  320
145  163  20
145  166  60
145  171  60
146  176  160
146  156  460
146  186  100
146  221  40
146  181  120
146  184  20
146  185  1300
146  172  40
146  198  20
146  194  20
146  195  40
146  152  60
146  202  40
146  203  80
146  163  20
146  147  80
146  148  40
146  207  20
146  149  120
146  150  840
146  210  100
146  154  1080
146  218  20
146  219  120
146  224  20
146  157  20
146  182  420
146  212  1080
146  231  40
146  234  100
146  233  80
147  178  20
147  167  20
147  181  40
147  182  40
147  191  40
147  195  20
147  228  20
147  210  400
147  206  20
147  149  20
147  150  20
147  212  20
147  154  120
147  218  60
147  186  20
147  172  20
147  220  60
147  221  100
147  208  20
147  229  20
147  219  40
147  234  100
147  232  20
147  162  20
148  156  40
148  212  100
148  205  20
148  173  40
148  176  140
148  200  40
148  231  40
148  163  480
148  187  20
148  191  100
148  195  120
148  223  440
148  202  460
148  168  120
148  152  200
148  150  20
148  197  20
148  172  40
148  222  2160
148  225  20
148  232  300
148  228  40
148  233  640
149  200  20
149  182  60
149  218  60
149  186  20
149  210  140
149  181  180
149  158  20
149  174  40
149  234  100
149  150  60
150  176  80
150  154  200
150  219  40
150  197  20
150  221  20
150  202  20
150  185  40
150  172  20
150  199  60
150  195  80
150  200  40
150  152  40
150  210  620
150  216  20
150  181  20
150  203  60
150  163  20
150  207  20
150  211  20
150  182  120
150  156  680
150  186  260
150  224  20
150  157  20
150  158  20
150  212  20
150  231  20
150  234  280
150  232  20
151  188  20
151  192  20
151  155  60
151  196  20
151  227  20
151  235  200
151  153  40
151  169  20
151  159  40
151  160  20
151  161  20
151  165  140
151  166  20
151  171  200
152  169  20
152  212  20
152  231  320
152  232  20
152  176  560
152  179  20
152  197  40
152  185  220
152  191  60
152  195  400
152  198  20
152  202  1000
152  203  20
152  163  540
152  154  20
152  156  120
152  219  20
152  222  80
152  223  80
152  224  20
152  187  20
152  227  20
152  228  60
152  233  420
153  169  380
153  187  80
153  190  500
153  188  180
153  193  40
153  155  20
153  227  20
153  161  20
153  199  60
153  225  40
153  159  20
153  201  140
153  165  20
154  176  40
154  212  60
154  220  80
154  221  200
154  206  20
154  185  100
154  202  20
154  184  20
154  191  20
154  234  340
154  208  20
154  167  20
154  186  240
154  168  40
154  229  60
154  203  480
154  204  20
154  210  360
154  218  40
154  156  2060
154  172  620
154  182  60
154  219  80
154  232  20
154  161  20
155  161  380
155  215  20
155  196  1540
155  159  120
155  227  60
155  165  49
155  180  20
155  157  20
155  160  60
155  235  220
156  186  60
156  176  480
156  172  20
156  220  20
156  158  60
156  168  40
156  221  160
156  191  60
156  208  20
156  199  40
156  195  100
156  203  40
156  206  40
156  230  20
156  169  40
156  212  40
156  182  20
156  202  20
156  219  100
156  234  260
156  233  100
157  169  20
157  201  20
157  211  20
157  174  40
157  176  40
157  179  100
157  184  20
157  187  120
157  189  20
157  193  740
157  195  40
157  196  20
157  188  100
157  227  300
157  203  20
157  206  40
157  165  60
157  161  2700
157  225  140
157  159  140
157  160  420
157  229  20
157  235  60
157  166  40
157  171  80
158  186  20
158  220  540
158  167  40
158  184  20
158  192  100
158  197  20
158  216  40
158  200  380
158  215  200
158  226  120
158  229  40
158  164  120
158  165  20
159  169  20
159  188  20
159  192  20
159  193  200
159  196  40
159  216  20
159  162  20
159  190  20
159  187  20
159  227  120
159  160  320
159  161  80
159  165  20
159  171  140
159  235  20
160  169  160
160  212  20
160  161  120
160  187  720
160  188  60
160  193  20
160  196  40
160  189  40
160  227  2240
160  190  60
160  165  60
160  199  20
160  172  20
160  225  1040
160  235  80
160  166  120
160  171  520
161  187  40
161  191  20
161  188  60
161  193  180
161  196  80
161  227  80
161  206  20
161  165  260
161  199  20
161  225  40
161  235  80
161  166  20
161  171  220
162  169  20
162  182  20
162  192  960
162  236  960
162  196  20
162  197  36
162  167  20
162  222  20
162  216  40
162  200  140
162  220  20
162  226  780
163  205  20
163  194  40
163  185  60
163  190  20
163  232  20
163  202  1380
163  222  240
163  223  460
163  224  220
163  228  60
163  233  460
164  179  20
164  234  60
164  220  180
164  192  80
164  194  40
164  201  40
164  216  180
164  211  20
164  215  260
164  217  20
164  229  140
165  169  80
165  213  20
165  187  100
165  196  660
165  167  20
165  227  60
165  199  20
165  225  80
165  235  340
165  166  60
165  171  240
166  187  40
166  169  220
166  188  120
166  193  20
166  189  20
166  190  20
166  225  200
166  227  160
166  201  20
166  235  160
166  171  60
167  221  160
167  183  20
167  184  20
167  192  20
167  210  80
167  200  40
167  212  20
167  215  160
167  220  580
167  229  600
167  232  20
168  177  160
168  195  60
168  174  20
168  175  40
168  176  140
168  202  20
168  172  100
168  191  60
168  198  100
168  231  40
168  203  740
168  229  20
168  205  2000
168  206  40
168  207  460
168  173  600
168  223  20
168  219  100
168  232  80
168  233  40
169  211  20
169  212  20
169  187  1100
169  190  360
169  188  700
169  193  200
169  199  120
169  189  40
169  227  180
169  206  20
169  225  520
169  201  80
169  171  260
170  209  80
170  211  1320
170  184  80
170  174  80
170  176  40
170  178  260
170  179  40
170  183  60
170  192  20
170  208  300
170  199  640
170  200  20
170  214  1120
170  204  160
170  213  740
170  217  40
170  225  40
170  177  20
170  229  20
170  230  20
170  197  240
171  183  20
171  187  340
171  188  60
171  193  40
171  189  40
171  178  20
171  227  1040
171  203  20
171  206  20
171  197  40
171  225  540
171  235  120
172  176  40
172  221  140
172  181  160
172  185  140
172  191  160
172  203  2780
172  211  20
172  212  40
172  218  180
172  186  20
172  219  160
172  220  20
172  231  20
172  234  20
172  232  20
172  233  40
173  176  2700
173  198  40
173  203  100
173  205  160
173  207  60
173  226  20
173  202  20
174  184  560
174  234  20
174  183  580
174  226  20
174  193  60
174  227  40
174  209  540
174  179  40
174  211  20
174  206  200
174  208  420
174  214  140
174  215  20
174  217  60
174  225  20
175  176  240
175  177  80
175  203  20
175  205  220
175  207  460
175  233  20
176  198  180
176  234  1620
176  211  20
176  177  20
176  179  20
176  185  60
176  191  640
176  195  60
176  197  40
176  203  380
176  205  180
176  207  100
176  219  60
176  222  40
176  202  40
176  212  20
176  231  60
176  233  1120
177  179  100
177  188  20
177  199  180
177  202  20
177  211  40
177  206  340
177  214  20
178  204  640
178  206  100
178  234  40
178  183  100
178  184  200
178  211  80
178  208  140
178  209  20
178  213  20
178  214  200
178  217  2280
178  225  20
178  227  40
179  180  800
179  193  260
179  199  640
179  197  260
179  229  60
179  233  40
180  199  100
181  234  40
181  186  20
181  219  20
181  221  4980
182  234  220
182  210  180
182  218  340
182  186  20
182  229  20
182  219  80
183  204  60
183  184  120
183  210  20
183  211  100
183  206  240
183  208  200
183  209  80
183  212  20
183  213  20
183  214  140
183  217  40
183  235  20
183  231  20
184  195  20
184  191  40
184  204  100
184  206  80
184  208  140
184  209  100
184  211  100
184  213  40
184  214  40
184  216  40
184  217  60
184  201  40
185  212  1160
185  205  40
185  202  160
185  203  100
185  222  40
185  223  220
185  228  60
185  233  40
186  219  20
186  234  200
186  226  20
186  195  40
186  209  20
186  218  20
186  221  400
186  232  20
187  188  160
187  193  100
187  227  780
187  189  80
187  190  120
187  220  20
187  225  208
187  201  60
187  235  40
188  201  1620
188  212  20
188  202  20
188  193  140
188  199  20
188  231  20
188  189  80
188  227  20
188  203  20
188  206  120
188  190  480
188  225  200
188  197  20
189  225  220
189  193  40
189  190  40
189  227  40
189  201  80
190  225  300
190  193  300
190  201  480
191  212  740
191  231  160
191  206  20
191  194  20
191  195  300
191  216  20
191  202  460
191  203  120
191  208  40
191  214  40
191  220  20
191  224  1320
191  229  20
191  226  20
191  230  780
191  219  20
191  232  20
191  233  400
192  226  1000
192  195  20
192  197  1260
192  216  20
192  200  60
192  206  20
192  215  100
192  222  20
192  229  20
192  212  20
193  201  40
193  219  20
193  227  20
193  232  20
193  203  20
193  214  20
193  217  20
193  225  180
193  197  240
193  233  20
194  195  80
194  230  120
194  224  40
194  212  180
194  232  20
195  212  380
195  206  20
195  231  101
195  199  20
195  202  40
195  230  80
195  217  20
195  224  100
195  226  20
195  227  20
195  232  500
195  233  20
196  227  20
196  215  40
196  235  180
197  236  340
197  226  260
197  200  80
197  227  40
197  216  320
197  202  20
197  203  20
197  211  180
197  215  20
197  225  60
197  229  180
197  212  20
197  233  20
198  203  280
198  205  40
199  211  680
199  214  280
199  205  20
199  229  20
199  233  20
200  220  20
200  226  140
200  215  900
200  224  40
200  212  20
201  227  20
201  208  20
201  225  320
202  212  380
202  203  40
202  222  220
202  223  1360
202  225  20
202  228  40
202  233  400
203  219  20
203  205  200
203  211  20
203  207  40
203  212  40
203  230  20
203  231  80
203  233  80
204  236  20
204  211  240
204  208  60
204  209  20
204  213  20
204  214  360
204  217  160
205  234  40
205  207  100
206  209  20
206  214  20
206  211  60
206  208  40
206  217  20
206  225  60
206  229  20
206  212  20
207  234  80
207  219  20
208  211  160
208  210  20
208  209  79
208  213  40
208  214  100
208  220  20
208  221  20
208  217  60
209  211  20
209  213  60
209  217  20
209  220  20
210  214  20
210  234  180
210  218  80
210  219  40
210  220  100
210  221  80
210  229  40
211  214  440
211  213  120
211  220  20
211  233  20
212  216  60
212  229  20
212  214  80
212  217  20
212  220  40
212  224  100
212  225  20
212  230  120
212  231  300
212  232  40
213  214  3500
213  217  20
214  217  180
214  234  20
215  236  40
215  220  20
215  226  40
215  216  20
215  227  20
215  229  40
216  226  60
216  236  20
216  227  20
217  221  20
217  227  20
218  231  20
218  234  20
218  221  40
218  219  300
219  221  20
219  234  420
219  232  280
220  221  420
220  226  20
220  229  620
221  234  60
221  229  60
222  235  40
222  223  140
222  228  440
222  229  20
222  233  2200
223  233  280
223  226  20
223  228  80
224  230  1840
224  226  60
224  231  20
224  232  120
224  233  20
225  231  20
225  227  740
225  232  20
225  235  20
226  236  20
227  229  20
227  235  200
227  233  20
228  233  60
229  234  80
229  233  20
230  231  480
230  232  140
231  232  20
232  233  140
