171 165 0.07957
171 132 0.00215
171 224 0.00215
171 220 0.00215
171 164 0.03441
171 163 0.01075
171 125 0.02796
171 161 0.00215
171 162 0.02796
171 137 0.00215
171 166 0.00215
171 79 0.00645
171 34 0.00215
171 152 0.0172
171 151 0.13118
171 93 0.00215
171 150 0.00645
171 149 0.0129
171 177 0.00645
171 193 0.00215
171 173 0.03226
171 172 0.01935
171 207 0.00215
171 103 0.00215
171 155 0.00215
171 99 0.0086
171 229 0.00645
171 170 0.00645
171 232 0.00215
171 56 0.00215
171 7 0.00215
171 118 0.00215
171 84 0.0043
171 91 0.00645
171 133 0.00215
171 190 0.00215
171 160 0.01075
171 187 0.0043
171 153 0.00645
171 154 0.04946
171 158 0.0172
171 159 0.01935
171 156 0.0086
167 168 0.00645
167 169 0.0043
167 163 0.00215
167 196 0.00215
167 162 0.00215
167 197 0.01935
167 55 0.00215
167 21 0.00215
167 56 0.0129
167 177 0.00215
167 174 0.0129
167 33 0.0086
167 116 0.01075
167 57 0.03011
167 58 0.00645
167 123 0.00645
167 189 0.04946
167 188 0.01075
167 190 0.02581
167 59 0.04516
167 99 0.0043
167 98 0.0043
167 27 0.0086
167 26 0.00215
167 30 0.00215
167 206 0.0043
167 124 0.00215
167 128 0.01505
167 130 0.01505
167 203 0.00215
167 204 0.01505
167 44 0.0043
167 193 0.30753
167 9 0.0129
167 6 0.00215
167 198 0.02366
167 194 0.09677
167 132 0.0129
167 133 0.00215
167 131 0.01075
167 10 0.00215
167 49 0.00645
167 48 0.00645
167 51 0.00215
167 228 0.04946
167 85 0.00215
167 140 0.13118
167 1 0.00645
167 136 0.0043
167 135 0.0043
167 137 0.01075
167 139 0.10968
167 71 0.01075
167 37 0.0043
167 34 0.00215
167 24 0.00215
167 210 0.0043
167 229 0.00215
167 230 0.00215
167 233 0.00215
167 16 0.00215
167 146 0.00645
167 14 0.0043
167 15 0.00215
167 145 0.01505
167 40 0.00215
167 17 0.0043
167 142 0.02796
167 199 0.00215
167 221 0.01075
167 219 0.00215
167 185 0.0043
167 114 0.00215
167 22 0.00215
167 12 0.0043
167 60 0.0043
167 62 0.00215
167 149 0.0043
167 115 0.0043
167 64 0.03656
167 155 0.00645
167 215 0.00645
167 180 0.00215
167 179 0.05591
167 178 0.00645
167 76 0.00215
167 184 0.00215
167 69 0.0129
167 68 0.0043
167 108 0.00215
167 66 0.00645
167 65 0.00215
167 159 0.00645
167 157 0.00215
168 169 0.00215
168 131 0.00215
168 227 0.00215
168 228 0.0043
168 226 0.0043
168 126 0.00215
168 128 0.0086
168 136 0.00215
168 130 0.06452
168 187 0.00215
168 139 0.0043
168 193 0.01505
168 64 0.01075
168 142 0.00645
168 140 0.0043
168 162 0.00215
168 174 0.00645
168 73 0.01935
168 210 0.00215
168 229 0.00215
168 206 0.16344
168 232 0.00215
168 56 0.0043
168 57 0.00215
168 89 0.00215
168 179 0.01505
168 178 0.00215
168 198 0.00645
168 59 0.00215
168 121 0.02151
168 132 0.0043
168 188 0.09462
168 184 0.0129
168 190 0.00215
168 146 0.03226
168 123 0.00215
168 155 0.00645
168 145 0.00645
168 197 0.0086
168 156 0.00215
168 67 0.00215
169 72 0.00215
169 170 0.03656
169 26 0.00215
169 163 0.0129
169 220 0.00215
169 164 0.03226
169 140 0.00215
169 125 0.01935
169 192 0.00215
169 161 0.00645
169 162 0.03441
169 159 0.01935
169 187 0.00215
169 114 0.00645
169 152 0.04516
169 151 0.09462
169 150 0.0172
169 149 0.04946
169 102 0.00645
169 177 0.04516
169 193 0.00215
169 173 0.02581
169 172 0.0129
169 175 0.03656
169 131 0.00215
169 217 0.0043
169 230 0.00215
169 232 0.00215
169 56 0.0043
169 83 0.0043
169 178 0.00215
169 122 0.00215
169 158 0.0172
169 6 0.00215
169 184 0.00215
169 142 0.00215
169 160 0.06022
169 68 0.00215
169 24 0.00215
169 66 0.00215
169 153 0.0086
169 154 0.16129
169 17 0.0043
169 165 0.0043
169 156 0.0172
169 67 0.00215
170 79 0.00645
170 236 0.00215
170 60 0.00215
170 163 0.01935
170 221 0.00215
170 164 0.09677
170 126 0.00215
170 86 0.00215
170 195 0.00215
170 161 0.00645
170 162 0.09892
170 136 0.00215
170 81 0.00215
170 137 0.03011
170 165 0.0129
170 113 0.00215
170 114 0.09032
170 34 0.00215
170 112 0.00215
170 152 0.18065
170 173 0.03656
170 151 0.03011
170 104 0.06882
170 134 0.00215
170 150 0.00645
170 149 0.13118
170 115 0.01505
170 102 0.0043
170 64 0.00215
170 78 0.00215
170 177 0.00645
170 193 0.00215
170 200 0.00215
170 172 0.0129
170 125 0.15699
170 174 0.0043
170 175 0.01935
170 103 0.0129
170 111 0.00645
170 209 0.00215
170 217 0.00215
170 229 0.0043
170 143 0.00215
170 230 0.0043
170 68 0.00215
170 98 0.00645
170 232 0.00215
170 116 0.00645
170 57 0.01505
170 118 0.00215
170 56 0.00215
170 121 0.00215
170 122 0.00215
170 59 0.00215
170 75 0.00215
170 132 0.00215
170 90 0.00215
170 131 0.00215
170 142 0.00215
170 160 0.02366
170 16 0.0043
170 109 0.00215
170 108 0.06667
170 15 0.00215
170 99 0.00645
170 153 0.00645
170 154 0.01935
170 158 0.09247
170 159 0.24731
170 156 0.04516
170 157 0.00215
53 41 0.03226
53 26 0.00215
53 29 0.00215
53 222 0.0043
53 219 0.0043
53 185 0.05806
53 52 0.0172
53 196 0.00645
53 82 0.01075
53 46 0.02796
53 135 0.03656
53 129 0.00215
53 54 0.15699
53 55 0.05806
53 36 0.00215
53 37 0.04301
53 34 0.02581
53 21 0.00215
53 11 0.00215
53 93 0.01935
53 19 0.00215
53 38 0.03011
53 176 0.0129
53 207 0.0086
53 7 0.00215
53 119 0.0172
53 47 0.04731
53 49 0.09677
53 48 0.0086
53 51 0.0172
53 50 0.07097
163 235 0.00645
163 225 0.00215
163 164 0.1828
163 86 0.00645
163 161 0.03226
163 162 0.07527
163 136 0.00215
163 165 0.01935
163 55 0.00215
163 12 0.0086
163 44 0.00215
163 151 0.04731
163 150 0.0129
163 149 0.0043
163 177 0.00645
163 152 0.03226
163 160 0.00645
163 173 0.00645
163 172 0.00215
163 125 0.07097
163 175 0.0086
163 73 0.00215
163 229 0.0043
163 215 0.00215
163 78 0.00215
163 7 0.0043
163 180 0.00215
163 179 0.00215
163 158 0.02366
163 132 0.0043
163 69 0.00215
163 111 0.0043
163 153 0.0172
163 154 0.0129
163 117 0.0043
163 159 0.02796
163 156 0.09032
163 67 0.00215
52 41 0.0043
52 185 0.01935
52 196 0.29677
52 82 0.00215
52 37 0.01935
52 135 0.00215
52 54 0.0129
52 55 0.0086
52 45 0.01075
52 46 0.0129
52 34 0.05161
52 38 0.06022
52 93 0.01505
52 47 0.02796
52 176 0.07957
52 119 0.13548
52 16 0.00215
52 49 0.02366
52 48 0.0086
52 200 0.00645
52 51 0.11828
52 50 0.0129
195 189 0.0129
195 217 0.02366
195 33 0.00215
195 221 0.00645
195 220 0.01505
195 85 0.05806
195 193 0.00215
195 86 0.00215
195 192 0.01075
195 194 0.0043
195 186 0.01075
195 187 0.03441
195 204 0.00645
195 43 0.00215
195 19 0.00215
195 177 0.0043
195 175 0.0043
195 73 0.00215
195 209 0.06237
195 210 0.01935
195 229 0.00215
195 215 0.00215
195 213 0.01505
195 183 0.0043
195 182 0.0172
195 57 0.00215
195 181 0.00215
195 180 0.01505
195 74 0.00645
195 199 0.0043
195 160 0.00215
195 24 0.00215
195 154 0.00215
195 65 0.00215
161 235 0.00215
161 225 0.00215
161 125 0.00645
161 162 0.02151
161 130 0.00645
161 165 0.01505
161 55 0.0086
161 152 0.00215
161 103 0.00215
161 104 0.0129
161 150 0.00645
161 149 0.0043
161 177 0.0172
161 126 0.00215
161 173 0.01505
161 172 0.00215
161 175 0.01935
161 151 0.0086
161 160 0.03871
161 153 0.05806
161 154 0.0086
161 158 0.09247
161 159 0.00215
161 156 0.01935
162 165 0.01505
162 228 0.04946
162 221 0.00645
162 204 0.00215
162 219 0.0043
162 85 0.0043
162 125 0.02366
162 81 0.00215
162 201 0.00215
162 79 0.0043
162 55 0.00215
162 112 0.02151
162 152 0.01075
162 151 0.0129
162 62 0.00215
162 150 0.0086
162 149 0.04516
162 102 0.00215
162 164 0.13978
162 177 0.09032
162 173 0.02581
162 172 0.0086
162 174 0.05376
162 234 0.00215
162 67 0.00215
162 111 0.00215
162 224 0.04731
162 210 0.00215
162 118 0.0043
162 230 0.00215
162 98 0.0086
162 233 0.00215
162 88 0.00215
162 83 0.0043
162 74 0.00215
162 84 0.07312
162 132 0.0129
162 133 0.00215
162 184 0.0043
162 190 0.00215
162 160 0.00645
162 49 0.00215
162 108 0.0129
162 135 0.00215
162 99 0.02366
162 153 0.0086
162 154 0.01075
162 158 0.2
162 159 0.0043
162 156 0.02581
162 157 0.0043
197 84 0.0043
197 83 0.00215
197 132 0.03871
197 90 0.00215
197 130 0.0043
197 228 0.37204
197 219 0.00215
197 85 0.0043
197 140 0.00215
197 128 0.01505
197 135 0.0043
197 70 0.00215
197 79 0.05161
197 139 0.0086
197 188 0.06452
197 164 0.00215
197 114 0.00645
197 112 0.0043
197 21 0.00215
197 152 0.00215
197 151 0.00215
197 104 0.00215
197 109 0.00215
197 115 0.07957
197 102 0.00215
197 56 0.0043
197 177 0.00215
197 142 0.0129
197 193 0.02151
197 172 0.00215
197 174 0.04731
197 73 0.00215
197 224 0.00645
197 155 0.02581
197 206 0.0129
197 35 0.00215
197 98 0.00215
197 232 0.10108
197 116 0.00215
197 7 0.00215
197 57 0.00645
197 58 0.00645
197 180 0.00215
197 179 0.0172
197 178 0.07097
197 198 0.00645
197 158 0.00215
197 203 0.04516
197 121 0.0086
197 189 0.0043
197 133 0.0129
197 131 0.06022
197 190 0.01935
197 74 0.00215
197 69 0.00215
197 107 0.00215
197 146 0.01075
197 200 0.0043
197 122 0.0043
197 145 0.03226
197 76 0.0043
197 17 0.00215
197 159 0.07097
197 201 0.0129
197 67 0.0086
166 235 0.18065
166 227 0.01075
166 202 0.00215
166 203 0.00215
166 54 0.0043
166 113 0.04946
166 114 0.02581
166 112 0.0043
166 104 0.0043
166 101 0.00215
166 115 0.0086
166 144 0.03011
166 216 0.00215
166 230 0.0043
166 122 0.00215
166 94 0.0129
166 105 0.02366
166 107 0.03011
166 108 0.12473
166 110 0.05161
166 99 0.01075
166 98 0.08602
166 97 0.06237
166 96 0.12258
166 95 0.05591
166 157 0.09892
165 30 0.00215
165 164 0.0129
165 125 0.03226
165 81 0.0043
165 130 0.00215
165 12 0.00215
165 44 0.00215
165 151 0.05591
165 150 0.0043
165 149 0.0043
165 177 0.00645
165 152 0.0129
165 173 0.06022
165 172 0.0086
165 175 0.01935
165 231 0.00215
165 47 0.00215
165 160 0.01935
165 14 0.00215
165 134 0.00215
165 153 0.00645
165 154 0.0043
165 158 0.0043
165 159 0.00645
165 156 0.0129
54 202 0.00215
54 235 0.00215
54 55 0.0086
54 37 0.00645
54 185 0.01935
54 196 0.03011
54 82 0.02151
54 1 0.0043
54 3 0.00215
54 129 0.00215
54 71 0.0043
54 45 0.00645
54 46 0.07742
54 34 0.05806
54 112 0.00215
54 21 0.00215
54 38 0.07097
54 93 0.02796
54 50 0.00645
54 47 0.07957
54 120 0.00215
54 108 0.00215
54 141 0.00215
54 176 0.01505
54 41 0.00215
54 8 0.00215
54 119 0.06882
54 5 0.00215
54 68 0.00215
54 49 0.01935
54 48 0.06022
54 144 0.00215
54 40 0.0043
54 17 0.00215
54 51 0.02151
54 157 0.00215
55 41 0.0129
55 235 0.00215
55 185 0.01075
55 37 0.01075
55 119 0.03011
55 82 0.0043
55 135 0.15914
55 79 0.00215
55 113 0.0043
55 46 0.01505
55 34 0.02796
55 38 0.01935
55 151 0.00645
55 104 0.01935
55 47 0.00645
55 115 0.0043
55 64 0.0086
55 56 0.06452
55 193 0.00215
55 176 0.02151
55 93 0.03226
55 33 0.00215
55 108 0.00215
55 45 0.00645
55 196 0.01935
55 116 0.03871
55 9 0.00215
55 57 0.0172
55 180 0.0043
55 122 0.0043
55 59 0.03226
55 199 0.0043
55 10 0.0129
55 69 0.0129
55 68 0.00215
55 49 0.08817
55 48 0.04516
55 200 0.00215
55 155 0.00215
55 158 0.00215
55 51 0.0129
55 50 0.0043
164 23 0.00215
164 132 0.0043
164 219 0.00645
164 229 0.00215
164 228 0.00645
164 221 0.0086
164 224 0.00215
164 125 0.01505
164 192 0.00215
164 196 0.0043
164 4 0.00215
164 200 0.0043
164 204 0.01075
164 113 0.00215
164 37 0.00215
164 34 0.00645
164 112 0.00215
164 42 0.0043
164 152 0.07742
164 151 0.01075
164 104 0.0086
164 149 0.01075
164 115 0.05161
164 102 0.0086
164 182 0.00215
164 177 0.0043
164 193 0.00215
164 173 0.02366
164 172 0.06022
164 175 0.0086
164 114 0.0043
164 111 0.13763
164 209 0.0043
164 218 0.00215
164 66 0.00215
164 33 0.00215
164 215 0.00215
164 230 0.00215
164 153 0.0043
164 117 0.00215
164 154 0.03871
164 180 0.0086
164 83 0.00215
164 6 0.00215
164 122 0.08172
164 128 0.03656
164 189 0.0086
164 76 0.00215
164 190 0.0172
164 160 0.0086
164 146 0.00215
164 3 0.0043
164 99 0.03226
164 98 0.0172
164 86 0.00215
164 158 0.00645
164 159 0.06237
164 156 0.05591
164 157 0.00645
112 1 0.00215
112 84 0.00215
112 154 0.03656
112 149 0.07312
112 235 0.52258
112 227 0.0129
112 228 0.0086
112 221 0.00215
112 30 0.00215
112 224 0.00215
112 143 0.00645
112 113 0.02151
112 125 0.0043
112 111 0.06667
112 4 0.0043
112 219 0.12473
112 203 0.0043
112 144 0.05591
112 36 0.00215
112 114 0.08602
112 152 0.00215
112 151 0.15484
112 104 0.03011
112 92 0.00215
112 101 0.00645
112 158 0.04086
112 115 0.0043
112 102 0.2129
112 172 0.01075
112 108 0.03441
112 175 0.00645
112 207 0.00645
112 103 0.01505
112 31 0.00215
112 218 0.0086
112 72 0.00215
112 7 0.0086
112 230 0.02151
112 61 0.00215
112 232 0.0043
112 116 0.00215
112 117 0.00215
112 57 0.00215
112 118 0.0043
112 94 0.0043
112 128 0.00645
112 131 0.00215
112 190 0.00215
112 106 0.0086
112 105 0.05376
112 160 0.00215
112 107 0.15699
112 109 0.0086
112 147 0.00215
112 110 0.04301
112 99 0.47742
112 98 0.01505
112 97 0.0129
112 96 0.04731
112 95 0.15699
112 157 0.07527
21 28 0.00215
21 193 0.00215
21 196 0.0043
21 87 0.01075
21 3 0.0086
21 71 0.0043
21 36 0.02581
21 46 0.0086
21 34 0.00645
21 16 0.01935
21 42 0.04301
21 44 0.04086
21 60 0.00215
21 146 0.00215
21 62 0.00215
21 19 0.01075
21 13 0.03011
21 148 0.01505
21 24 0.07742
21 85 0.00215
21 100 0.0086
21 73 0.0043
21 31 0.00215
21 32 0.02796
21 33 0.02366
21 213 0.00215
21 116 0.00215
21 40 0.13763
21 67 0.00215
21 119 0.00215
21 5 0.00645
21 8 0.00215
21 1 0.00645
21 69 0.00215
21 22 0.0043
21 49 0.00215
21 48 0.00215
21 14 0.07742
21 15 0.01935
21 66 0.0043
21 25 0.00215
21 17 0.01505
21 18 0.0043
21 65 0.00215
103 84 0.00645
103 235 0.02151
103 212 0.00215
103 26 0.0043
103 227 0.02796
103 228 0.00215
103 224 0.00215
103 107 0.00645
103 143 0.09032
103 125 0.10538
103 124 0.00645
103 97 0.0129
103 194 0.0043
103 219 0.04516
103 203 0.0086
103 113 0.04731
103 114 0.02581
103 34 0.00215
103 152 0.00215
103 60 0.00645
103 104 0.08387
103 94 0.11398
103 115 0.02796
103 102 0.14194
103 56 0.0043
103 110 0.02151
103 96 0.01935
103 90 0.00215
103 173 0.09892
103 172 0.0129
103 24 0.00215
103 207 0.0086
103 151 0.0043
103 111 0.0172
103 218 0.03011
103 66 0.0043
103 229 0.00215
103 108 0.09677
103 230 0.02151
103 232 0.02151
103 116 0.00645
103 117 0.00215
103 57 0.00645
103 6 0.00645
103 122 0.0043
103 47 0.00215
103 16 0.00645
103 132 0.0129
103 133 0.06237
103 106 0.03871
103 22 0.00215
103 147 0.00215
103 101 0.06022
103 99 0.04301
103 144 0.06452
103 98 0.01935
103 154 0.00645
103 158 0.00215
103 159 0.0086
103 95 0.0043
103 157 0.08817
104 95 0.02151
104 235 0.03226
104 227 0.06022
104 219 0.00215
104 107 0.01075
104 141 0.0043
104 125 0.0043
104 97 0.13763
104 128 0.0043
104 135 0.00215
104 79 0.00215
104 113 0.06237
104 114 0.04516
104 200 0.0043
104 61 0.00215
104 62 0.00215
104 101 0.06237
104 149 0.00645
104 115 0.05161
104 102 0.04301
104 47 0.00215
104 96 0.02151
104 90 0.00215
104 173 0.00645
104 172 0.0172
104 196 0.0043
104 151 0.01075
104 143 0.00215
104 224 0.00645
104 111 0.11828
104 229 0.0043
104 88 0.00215
104 215 0.00215
104 230 0.09247
104 98 0.12473
104 232 0.00215
104 57 0.00215
104 118 0.06452
104 119 0.00215
104 122 0.0043
104 94 0.32258
104 203 0.00215
104 84 0.00215
104 199 0.00215
104 133 0.00215
104 190 0.0043
104 106 0.06452
104 105 0.08602
104 160 0.00215
104 16 0.00215
104 109 0.00215
104 108 0.03011
104 110 0.0129
104 59 0.00215
104 144 0.03011
104 99 0.0172
104 154 0.00215
104 158 0.00215
104 159 0.00215
104 156 0.00215
104 157 0.03656
101 202 0.0043
101 235 0.04516
101 223 0.00215
101 227 0.03011
101 141 0.00215
101 46 0.00215
101 50 0.0086
101 113 0.05806
101 114 0.0172
101 94 0.07527
101 115 0.03011
101 102 0.02796
101 111 0.10323
101 99 0.03011
101 216 0.00215
101 230 0.00645
101 97 0.02366
101 118 0.00215
101 122 0.00215
101 188 0.0086
101 106 0.0043
101 105 0.02366
101 107 0.00645
101 108 0.01075
101 110 0.0043
101 144 0.02581
101 98 0.00215
101 157 0.01935
101 96 0.03226
101 142 0.00215
101 95 0.01935
101 143 0.00215
102 84 0.01505
102 132 0.02366
102 95 0.13548
102 235 0.00645
102 223 0.00215
102 131 0.00215
102 227 0.05806
102 228 0.00215
102 3 0.00215
102 30 0.00215
102 190 0.02151
102 219 0.01075
102 113 0.00645
102 125 0.0043
102 124 0.00645
102 196 0.00645
102 97 0.00645
102 136 0.00215
102 224 0.0043
102 137 0.00215
102 202 0.00215
102 79 0.03226
102 36 0.00215
102 114 0.01935
102 34 0.0043
102 60 0.00215
102 149 0.0043
102 115 0.07957
102 64 0.00215
102 203 0.00215
102 6 0.00215
102 96 0.0172
102 90 0.00215
102 173 0.03656
102 172 0.00215
102 176 0.00215
102 175 0.00215
102 174 0.00215
102 207 0.00645
102 143 0.02151
102 218 0.00645
102 111 0.05376
102 229 0.00645
102 215 0.0043
102 230 0.03011
102 98 0.01935
102 232 0.04301
102 56 0.00215
102 234 0.00215
102 7 0.00215
102 57 0.0043
102 58 0.00215
102 180 0.00645
102 83 0.00215
102 73 0.00215
102 122 0.03011
102 94 0.05376
102 128 0.0129
102 199 0.0043
102 133 0.0129
102 72 0.00215
102 10 0.0043
102 106 0.0172
102 105 0.0086
102 107 0.15914
102 49 0.00215
102 108 0.02366
102 110 0.09677
102 200 0.00645
102 144 0.03441
102 99 0.03656
102 154 0.03011
102 158 0.00645
102 159 0.04086
102 156 0.00215
102 157 0.03226
56 193 0.01075
56 194 0.00215
56 177 0.00215
56 60 0.04301
56 31 0.00215
56 33 0.0043
56 58 0.0086
56 116 0.01075
56 57 0.01935
56 118 0.00215
56 119 0.01075
56 121 0.11828
56 59 0.04516
56 188 0.01505
56 190 0.02151
56 115 0.00215
56 123 0.01075
56 99 0.00215
56 27 0.00215
56 26 0.00215
56 29 0.00215
56 30 0.03441
56 126 0.03441
56 128 0.00215
56 203 0.00215
56 204 0.0043
56 42 0.0043
56 44 0.00215
56 5 0.00215
56 6 0.00215
56 198 0.0086
56 134 0.0086
56 199 0.00215
56 133 0.00215
56 10 0.00215
56 136 0.06667
56 135 0.00645
56 51 0.00215
56 227 0.00215
56 228 0.00645
56 225 0.00215
56 85 0.00215
56 140 0.00215
56 1 0.0043
56 4 0.03226
56 3 0.00215
56 70 0.01075
56 71 0.0043
56 36 0.00215
56 37 0.00215
56 34 0.00215
56 35 0.00215
56 234 0.00215
56 73 0.11613
56 210 0.00645
56 83 0.00215
56 16 0.0086
56 146 0.00215
56 147 0.00215
56 15 0.00215
56 145 0.00215
56 143 0.00215
56 154 0.00645
56 219 0.00645
56 185 0.0043
56 22 0.00215
56 12 0.0043
56 152 0.0129
56 151 0.00645
56 61 0.0043
56 63 0.0086
56 148 0.00215
56 64 0.03656
56 218 0.00215
56 155 0.11828
56 215 0.00215
56 183 0.0043
56 25 0.00215
56 180 0.00215
56 179 0.00645
56 184 0.00645
56 69 0.22366
56 68 0.00215
56 109 0.01075
56 24 0.00215
56 66 0.10968
56 65 0.03226
56 158 0.00215
56 67 0.00215
177 138 0.00215
177 27 0.00215
177 1 0.00215
177 221 0.00215
177 71 0.00215
177 220 0.00215
177 85 0.0043
177 125 0.0043
177 192 0.0043
177 2 0.00215
177 135 0.00645
177 186 0.0043
177 204 0.00215
177 152 0.02581
177 60 0.00215
177 134 0.0043
177 150 0.00215
177 149 0.0129
177 64 0.00215
177 183 0.00215
177 193 0.0043
177 173 0.02366
177 172 0.00215
177 175 0.10108
177 151 0.00645
177 215 0.00215
177 121 0.00215
177 213 0.0043
177 9 0.00215
177 57 0.00215
177 180 0.00215
177 73 0.00215
177 198 0.00645
177 59 0.00215
177 203 0.00215
177 87 0.0043
177 199 0.00215
177 128 0.00215
177 184 0.00215
177 142 0.00215
177 160 0.09247
177 68 0.00215
177 24 0.00215
177 194 0.00215
177 99 0.00215
177 153 0.04086
177 154 0.0043
177 158 0.04086
177 159 0.0086
177 156 0.0172
152 23 0.00215
152 132 0.00215
152 221 0.00215
152 71 0.00215
152 85 0.00645
152 125 0.4086
152 192 0.00215
152 136 0.00215
152 159 0.12688
152 186 0.00215
152 204 0.0043
152 199 0.0043
152 20 0.00215
152 151 0.02151
152 150 0.0043
152 149 0.02581
152 64 0.00215
152 116 0.0043
152 173 0.0172
152 172 0.01505
152 175 0.0172
152 210 0.00215
152 229 0.0043
152 215 0.00215
152 233 0.00215
152 180 0.00215
152 179 0.0043
152 121 0.00215
152 59 0.00215
152 203 0.00215
152 189 0.00215
152 131 0.00215
152 10 0.00215
152 69 0.00215
152 160 0.01075
152 16 0.00215
152 134 0.00215
152 153 0.02581
152 154 0.03871
152 158 0.03226
152 142 0.00215
152 156 0.03011
152 67 0.00215
173 229 0.00215
173 26 0.00215
173 29 0.00215
173 228 0.00215
173 30 0.00215
173 219 0.0043
173 125 0.0129
173 124 0.07312
173 136 0.00215
173 135 0.00215
173 114 0.01935
173 12 0.00215
173 151 0.09462
173 62 0.00215
173 150 0.00215
173 149 0.01935
173 115 0.06882
173 117 0.01075
173 193 0.00215
173 172 0.0043
173 175 0.0086
173 218 0.00215
173 99 0.0086
173 33 0.00215
173 230 0.01075
173 98 0.03011
173 7 0.00215
173 143 0.17204
173 73 0.00215
173 122 0.00215
173 79 0.00215
173 128 0.0086
173 91 0.00215
173 133 0.07097
173 131 0.00215
173 69 0.0043
173 160 0.02151
173 22 0.00215
173 41 0.00215
173 147 0.01075
173 200 0.00215
173 155 0.00215
173 153 0.00215
173 154 0.0043
173 158 0.01505
173 159 0.01075
173 156 0.17849
173 157 0.0043
114 138 0.00215
114 154 0.03441
114 149 0.17634
114 235 0.02796
114 211 0.00645
114 64 0.0043
114 227 0.05591
114 228 0.00215
114 223 0.00215
114 224 0.00215
114 185 0.00215
114 125 0.0043
114 196 0.00645
114 105 0.10323
114 136 0.0043
114 200 0.00215
114 137 0.0172
114 203 0.00215
114 144 0.09892
114 113 0.01075
114 34 0.00215
114 90 0.00215
114 151 0.0129
114 69 0.00215
114 158 0.16344
114 115 0.09677
114 66 0.00215
114 79 0.0043
114 206 0.00215
114 172 0.0043
114 108 0.08602
114 156 0.0172
114 111 0.13763
114 155 0.00215
114 229 0.0043
114 230 0.45376
114 116 0.00215
114 9 0.00215
114 117 0.0043
114 143 0.0086
114 118 0.00645
114 180 0.0043
114 83 0.00215
114 122 0.0043
114 94 0.03656
114 210 0.00215
114 84 0.00215
114 132 0.00215
114 133 0.00215
114 190 0.00215
114 106 0.04946
114 198 0.0086
114 160 0.00215
114 107 0.02151
114 49 0.0043
114 147 0.0043
114 110 0.00215
114 99 0.03656
114 98 0.06667
114 97 0.04946
114 96 0.02581
114 159 0.00215
114 95 0.03226
114 157 0.09677
172 235 0.0172
172 228 0.0043
172 125 0.03441
172 135 0.00215
172 137 0.0043
172 113 0.01935
172 12 0.00215
172 149 0.00645
172 203 0.01075
172 174 0.0043
172 207 0.00215
172 151 0.00645
172 229 0.00645
172 230 0.0043
172 232 0.00215
172 143 0.0129
172 118 0.00215
172 83 0.00215
172 122 0.0043
172 84 0.0043
172 132 0.00215
172 159 0.03656
172 160 0.0086
172 200 0.03011
172 99 0.00215
172 153 0.0129
172 154 0.00645
172 158 0.02151
172 130 0.0043
172 156 0.00215
172 157 0.00215
176 41 0.0043
176 27 0.00215
176 26 0.10968
176 64 0.00645
176 30 0.00215
176 204 0.00215
176 37 0.01075
176 185 0.02366
176 196 0.05376
176 82 0.0043
176 1 0.0043
176 135 0.0129
176 36 0.00215
176 46 0.03226
176 34 0.06882
176 38 0.05376
176 60 0.00215
176 93 0.02366
176 47 0.07312
176 108 0.00215
176 31 0.0043
176 190 0.00215
176 210 0.0086
176 33 0.00215
176 45 0.0043
176 180 0.09032
176 7 0.00215
176 119 0.09892
176 6 0.00645
176 122 0.00215
176 84 0.00645
176 199 0.02796
176 10 0.07527
176 69 0.00215
176 49 0.02366
176 48 0.0086
176 200 0.0043
176 66 0.0043
176 50 0.0172
176 17 0.00215
176 51 0.02581
176 157 0.00215
175 26 0.0043
175 219 0.00215
175 85 0.00215
175 125 0.0172
175 137 0.00215
175 138 0.00215
175 60 0.00215
175 109 0.03656
175 61 0.01505
175 62 0.00215
175 150 0.00215
175 149 0.01505
175 140 0.00215
175 174 0.00215
175 151 0.03656
175 206 0.00215
175 213 0.00215
175 7 0.00215
175 57 0.01935
175 58 0.0043
175 64 0.00215
175 83 0.00215
175 132 0.00215
175 131 0.0043
175 160 0.09462
175 146 0.00215
175 48 0.00215
175 23 0.00215
175 67 0.01075
175 153 0.15484
175 154 0.0086
175 158 0.01935
175 159 0.0043
175 156 0.01935
175 65 0.00215
174 84 0.01505
174 83 0.0086
174 132 0.29677
174 65 0.0043
174 131 0.07742
174 228 0.07742
174 219 0.00215
174 140 0.02796
174 135 0.00215
174 201 0.00215
174 79 0.0043
174 139 0.00215
174 113 0.0086
174 133 0.0129
174 12 0.00215
174 193 0.01075
174 147 0.00215
174 60 0.00215
174 61 0.0043
174 213 0.00215
174 149 0.00215
174 115 0.0043
174 203 0.0043
174 142 0.0086
174 206 0.10538
174 108 0.00645
174 207 0.00215
174 67 0.00215
174 111 0.00215
174 224 0.01935
174 66 0.00215
174 229 0.00645
174 118 0.00215
174 230 0.00215
174 145 0.02366
174 232 0.00215
174 116 0.00215
174 234 0.00215
174 117 0.0043
174 57 0.0043
174 58 0.02366
174 64 0.01935
174 179 0.0129
174 6 0.00215
174 122 0.00645
174 123 0.0043
174 128 0.08387
174 199 0.00215
174 188 0.0086
174 184 0.01075
174 190 0.06882
174 198 0.00215
174 146 0.00645
174 48 0.00215
174 100 0.00215
174 155 0.01075
174 178 0.03871
174 154 0.0043
174 158 0.0043
174 130 0.0129
174 156 0.00215
174 157 0.0043
60 157 0.00215
60 193 0.0043
60 194 0.00215
60 19 0.00215
60 116 0.16129
60 57 0.0172
60 58 0.02151
60 119 0.0086
60 121 0.01075
60 122 0.0043
60 47 0.0043
60 189 0.0043
60 190 0.00645
60 123 0.01075
60 99 0.00215
60 98 0.00215
60 59 0.06022
60 235 0.00215
60 30 0.0043
60 126 0.0172
60 125 0.00215
60 200 0.0043
60 130 0.00215
60 204 0.00215
60 42 0.00215
60 44 0.00645
60 146 0.00215
60 94 0.00215
60 9 0.00215
60 7 0.05376
60 134 0.04516
60 132 0.0043
60 131 0.00215
60 10 0.0043
60 136 0.11613
60 51 0.0043
60 85 0.00215
60 4 0.0043
60 3 0.00215
60 70 0.10968
60 138 0.00645
60 36 0.00215
60 37 0.00215
60 207 0.00215
60 73 0.10538
60 210 0.0086
60 229 0.0043
60 230 0.0043
60 232 0.00215
60 83 0.00215
60 79 0.00215
60 41 0.0172
60 14 0.00215
60 145 0.0129
60 143 0.00215
60 199 0.0043
60 185 0.0043
60 186 0.00215
60 187 0.00215
60 113 0.0043
60 61 0.00215
60 62 0.00645
60 64 0.02796
60 218 0.0043
60 155 0.00215
60 215 0.06667
60 154 0.00215
60 180 0.0043
60 74 0.00215
60 69 0.01075
60 68 0.00215
60 109 0.02796
60 108 0.00215
60 66 0.60645
60 65 0.03226
60 159 0.00215
60 67 0.0172
31 17 0.13118
31 132 0.00215
31 22 0.00215
31 28 0.00645
31 27 0.0129
31 26 0.02151
31 221 0.00215
31 30 0.00645
31 71 0.00215
31 143 0.00215
31 193 0.00215
31 196 0.00215
31 1 0.00645
31 135 0.0043
31 204 0.00215
31 36 0.25591
31 12 0.24086
31 44 0.01935
31 20 0.00215
31 42 0.02366
31 62 0.00645
31 19 0.0129
31 13 0.03441
31 24 0.0172
31 100 0.0129
31 32 0.00645
31 72 0.00215
31 33 0.0086
31 35 0.07527
31 215 0.0043
31 68 0.0043
31 180 0.00645
31 9 0.0129
31 7 0.0043
31 57 0.00215
31 118 0.00215
31 119 0.00215
31 6 0.01075
31 194 0.00215
31 87 0.01075
31 199 0.00215
31 10 0.0172
31 69 0.00215
31 16 0.02796
31 49 0.00645
31 48 0.0043
31 14 0.0129
31 15 0.03871
31 155 0.00215
31 40 0.0086
31 39 0.00215
31 18 0.00645
31 51 0.00215
31 25 0.0043
32 72 0.0043
32 28 0.00645
32 30 0.06022
32 87 0.03441
32 4 0.00215
32 3 0.02366
32 187 0.00215
32 71 0.00215
32 36 0.0043
32 35 0.0129
32 42 0.04301
32 44 0.02151
32 62 0.0043
32 19 0.02796
32 13 0.02796
32 148 0.03441
32 48 0.00215
32 15 0.00215
32 217 0.0043
32 33 0.03011
32 25 0.08387
32 74 0.00215
32 17 0.04086
32 132 0.00215
32 188 0.00215
32 184 0.00215
32 159 0.00215
32 160 0.00215
32 68 0.0043
32 24 0.0086
32 14 0.02366
32 100 0.03871
32 40 0.03441
32 39 0.0086
32 18 0.0043
178 133 0.00215
178 184 0.00645
178 228 0.0043
178 85 0.00215
178 193 0.0043
178 128 0.00215
178 130 0.0043
178 61 0.00215
178 140 0.02796
178 210 0.00215
178 206 0.0129
178 142 0.00215
178 58 0.01505
178 179 0.00645
178 198 0.00645
178 132 0.02366
178 188 0.10538
178 131 0.00215
178 190 0.0043
178 160 0.00215
178 145 0.00215
178 65 0.00215
178 201 0.00215
33 17 0.03871
33 59 0.00215
33 154 0.00215
33 133 0.00215
33 28 0.0129
33 27 0.11183
33 29 0.0129
33 30 0.00645
33 71 0.12688
33 219 0.00215
33 193 0.0043
33 24 0.04086
33 196 0.00215
33 2 0.0043
33 87 0.00645
33 4 0.00215
33 3 0.04086
33 130 0.00215
33 134 0.00215
33 36 0.01935
33 190 0.0043
33 68 0.01505
33 12 0.00215
33 44 0.18495
33 151 0.00215
33 42 0.14839
33 62 0.0086
33 149 0.00215
33 148 0.00215
33 64 0.0043
33 122 0.00215
33 66 0.0043
33 15 0.00215
33 100 0.02366
33 72 0.01075
33 13 0.00215
33 9 0.0129
33 7 0.00215
33 57 0.00645
33 180 0.00215
33 6 0.00645
33 198 0.00215
33 191 0.00215
33 8 0.00215
33 1 0.11828
33 199 0.00215
33 188 0.00215
33 184 0.0043
33 10 0.01075
33 74 0.00215
33 16 0.08817
33 49 0.0086
33 48 0.0043
33 14 0.08602
33 23 0.00215
33 155 0.0043
33 40 0.01505
33 39 0.02581
33 18 0.14839
33 25 0.03011
58 116 0.07312
58 132 0.09247
58 130 0.00215
58 228 0.00215
58 131 0.00645
58 219 0.00215
58 85 0.0043
58 126 0.01935
58 136 0.01935
58 138 0.0129
58 79 0.00215
58 36 0.0043
58 61 0.0086
58 183 0.0043
58 193 0.00215
58 234 0.00215
58 73 0.00215
58 123 0.01505
58 206 0.0043
58 231 0.00215
58 140 0.11828
58 57 0.26452
58 181 0.00215
58 64 0.04731
58 179 0.0043
58 121 0.01935
58 134 0.0172
58 199 0.00215
58 188 0.00215
58 184 0.0043
58 190 0.00215
58 69 0.07742
58 109 0.1914
58 59 0.05806
58 67 0.03441
58 66 0.0172
58 145 0.0129
58 40 0.00215
58 17 0.00215
58 70 0.01505
58 65 0.02796
116 193 0.01075
116 196 0.00215
116 194 0.00645
116 19 0.0043
116 57 0.50753
116 121 0.14624
116 122 0.00215
116 59 0.13978
116 190 0.0043
116 123 0.03011
116 68 0.00215
116 27 0.0086
116 26 0.0086
116 29 0.00215
116 30 0.00645
116 126 0.0129
116 125 0.00215
116 203 0.0043
116 204 0.0086
116 44 0.0043
116 47 0.00215
116 85 0.0043
116 9 0.01075
116 7 0.0043
116 134 0.0086
116 132 0.00215
116 131 0.06022
116 10 0.00215
116 136 0.01505
116 49 0.00215
116 48 0.00215
116 51 0.00215
116 211 0.00215
116 141 0.00215
116 140 0.00215
116 1 0.0043
116 4 0.00645
116 135 0.03656
116 70 0.0086
116 138 0.0129
116 37 0.00645
116 34 0.00215
116 35 0.0043
116 24 0.00215
116 73 0.0086
116 210 0.00215
116 230 0.00215
116 232 0.00215
116 84 0.00215
116 16 0.00215
116 146 0.0043
116 144 0.00215
116 145 0.0086
116 17 0.00215
116 18 0.00215
116 199 0.00215
116 221 0.00215
116 185 0.01075
116 79 0.00215
116 113 0.00645
116 12 0.00215
116 61 0.03441
116 62 0.00645
116 63 0.00215
116 64 0.03871
116 155 0.10753
116 215 0.00215
116 154 0.00215
116 180 0.00215
116 179 0.00215
116 69 0.15054
116 22 0.00215
116 109 0.0172
116 108 0.0043
116 66 0.07742
116 65 0.0172
116 158 0.00215
116 67 0.14624
117 129 0.03656
117 90 0.00215
117 235 0.0043
117 212 0.09032
117 211 0.0043
117 222 0.0172
117 219 0.02581
117 107 0.00645
117 141 0.00215
117 125 0.14624
117 200 0.0043
117 201 0.00215
117 137 0.01505
117 202 0.21075
117 79 0.00215
117 92 0.01505
117 115 0.00215
117 205 0.00215
117 207 0.0172
117 111 0.0043
117 218 0.53333
117 155 0.00215
117 216 0.01505
117 143 0.09892
117 230 0.00215
117 214 0.0086
117 57 0.00215
117 118 0.02581
117 180 0.00215
117 120 0.04946
117 122 0.01075
117 132 0.00215
117 76 0.12688
117 131 0.0086
117 190 0.00215
117 229 0.00215
117 16 0.0043
117 147 0.47097
117 223 0.0043
117 99 0.00645
117 154 0.00215
117 96 0.00215
117 156 0.05161
117 157 0.01075
57 193 0.0129
57 192 0.00215
57 194 0.0043
57 118 0.00215
57 121 0.0043
57 122 0.00215
57 59 0.01935
57 190 0.00215
57 123 0.02151
57 99 0.00215
57 96 0.00215
57 27 0.0043
57 26 0.0043
57 29 0.0043
57 30 0.0043
57 126 0.02581
57 130 0.01075
57 204 0.0043
57 43 0.00215
57 44 0.00215
57 13 0.00215
57 9 0.01075
57 7 0.00645
57 6 0.0043
57 134 0.00645
57 87 0.00215
57 132 0.00215
57 133 0.0043
57 131 0.07742
57 136 0.0086
57 49 0.0043
57 3 0.00215
57 228 0.0043
57 1 0.00215
57 4 0.00645
57 135 0.02796
57 70 0.0172
57 138 0.00215
57 71 0.00215
57 35 0.00215
57 24 0.0043
57 83 0.00215
57 146 0.0043
57 147 0.00215
57 14 0.00215
57 15 0.00215
57 145 0.01075
57 18 0.0043
57 221 0.00215
57 61 0.30323
57 62 0.0043
57 63 0.00645
57 149 0.0043
57 115 0.00215
57 64 0.04086
57 206 0.00645
57 155 0.0129
57 215 0.0043
57 214 0.00215
57 213 0.00215
57 65 0.0086
57 179 0.0172
57 184 0.00215
57 69 0.03871
57 109 0.19785
57 108 0.00645
57 67 0.06882
57 66 0.02581
57 154 0.00215
57 25 0.00215
118 229 0.01075
118 129 0.01075
118 235 0.00215
118 212 0.17634
118 211 0.0043
118 222 0.0043
118 219 0.07097
118 127 0.11398
118 113 0.00215
118 125 0.0043
118 124 0.0043
118 224 0.00645
118 137 0.03011
118 202 0.00215
118 79 0.0086
118 36 0.00215
118 151 0.00215
118 92 0.01505
118 149 0.01505
118 115 0.0043
118 64 0.00215
118 205 0.00215
118 200 0.03226
118 108 0.00645
118 135 0.00215
118 207 0.04731
118 203 0.02366
118 208 0.0172
118 218 0.01075
118 111 0.0043
118 216 0.03871
118 7 0.00215
118 143 0.05161
118 230 0.13548
118 214 0.02151
118 83 0.01075
118 6 0.00215
118 122 0.0172
118 128 0.0043
118 133 0.00215
118 131 0.00215
118 190 0.0043
118 84 0.03226
118 160 0.00215
118 49 0.00645
118 147 0.03656
118 141 0.0043
118 15 0.00215
118 223 0.0043
118 98 0.16559
118 154 0.00215
118 158 0.00215
118 95 0.00215
118 157 0.0086
119 93 0.01935
119 26 0.00215
119 37 0.02366
119 185 0.02581
119 125 0.0043
119 196 0.06022
119 82 0.0043
119 1 0.00215
119 135 0.01075
119 36 0.00215
119 46 0.01505
119 34 0.07312
119 42 0.00215
119 38 0.14624
119 47 0.23011
119 64 0.02151
119 200 0.04946
119 218 0.00215
119 210 0.08602
119 215 0.00215
119 45 0.0129
119 232 0.0086
119 9 0.00215
119 180 0.00215
119 59 0.05376
119 84 0.00215
119 199 0.04946
119 10 0.05591
119 69 0.0086
119 155 0.0043
119 49 0.02151
119 48 0.0043
119 41 0.00645
119 3 0.00215
119 66 0.0043
119 145 0.00215
119 154 0.00215
119 51 0.14409
119 50 0.05161
120 129 0.03226
120 212 0.0172
120 211 0.01075
120 222 0.04301
120 219 0.03441
120 127 0.02581
120 124 0.0043
120 200 0.32473
120 137 0.00645
120 202 0.00215
120 113 0.00215
120 37 0.00215
120 34 0.00215
120 92 0.03871
120 141 0.02366
120 205 0.01075
120 207 0.29032
120 208 0.00215
120 218 0.06882
120 216 0.03441
120 214 0.0129
120 122 0.02366
120 41 0.00215
120 147 0.0086
120 223 0.01075
120 143 0.04946
121 59 0.03441
121 236 0.00215
121 26 0.00215
121 130 0.00215
121 228 0.0043
121 221 0.0043
121 85 0.00215
121 126 0.0043
121 128 0.00645
121 136 0.09892
121 70 0.01935
121 138 0.0129
121 79 0.00215
121 133 0.00215
121 61 0.09247
121 63 0.0086
121 149 0.00215
121 148 0.00215
121 64 0.14194
121 193 0.00215
121 100 0.00215
121 234 0.00215
121 73 0.07097
121 179 0.00215
121 5 0.0043
121 201 0.00215
121 198 0.01075
121 123 0.01505
121 188 0.04731
121 190 0.0129
121 69 0.09032
121 109 0.0086
121 134 0.03011
121 66 0.00215
121 145 0.0043
121 65 0.00215
121 226 0.00645
121 156 0.00215
121 67 0.33548
122 196 0.00215
122 194 0.0043
122 151 0.00215
122 190 0.16989
122 98 0.0043
122 235 0.0043
122 30 0.0043
122 205 0.09247
122 125 0.00645
122 124 0.01505
122 128 0.04301
122 200 0.04516
122 129 0.0172
122 202 0.00215
122 203 0.08602
122 204 0.00215
122 92 0.02151
122 94 0.00215
122 7 0.0043
122 6 0.00215
122 90 0.00215
122 131 0.00645
122 48 0.00215
122 211 0.02581
122 228 0.00215
122 224 0.00645
122 141 0.03871
122 4 0.00645
122 3 0.00215
122 137 0.03226
122 34 0.00215
122 207 0.0172
122 208 0.0086
122 210 0.00215
122 229 0.04731
122 230 0.0043
122 232 0.05806
122 83 0.0043
122 84 0.02796
122 147 0.01075
122 14 0.00215
122 143 0.27312
122 133 0.0129
122 223 0.0043
122 221 0.0043
122 222 0.03011
122 219 0.02581
122 79 0.07742
122 107 0.00215
122 149 0.00215
122 115 0.00215
122 127 0.00215
122 218 0.0043
122 111 0.19785
122 216 0.02366
122 214 0.02151
122 180 0.00215
122 68 0.00215
122 108 0.00215
122 66 0.00215
122 154 0.01075
122 158 0.00645
122 159 0.00645
122 157 0.00215
59 84 0.00645
59 27 0.01075
59 130 0.0043
59 228 0.00215
59 226 0.0043
59 30 0.00215
59 71 0.00215
59 219 0.00645
59 215 0.00215
59 180 0.0086
59 126 0.00215
59 196 0.00215
59 1 0.00215
59 80 0.00215
59 135 0.08172
59 70 0.04731
59 138 0.03011
59 187 0.00215
59 34 0.00215
59 35 0.00215
59 42 0.00215
59 61 0.01935
59 63 0.09892
59 66 0.0172
59 64 0.41935
59 193 0.04301
59 24 0.00215
59 47 0.00645
59 73 0.02151
59 210 0.0172
59 181 0.00215
59 231 0.00215
59 230 0.00215
59 140 0.00215
59 10 0.0172
59 9 0.00215
59 179 0.00645
59 123 0.00645
59 128 0.01075
59 199 0.03656
59 133 0.01075
59 184 0.00215
59 190 0.0172
59 229 0.00215
59 136 0.04731
59 69 0.09032
59 109 0.2
59 48 0.00215
59 134 0.12903
59 155 0.05591
59 98 0.00215
59 65 0.01075
59 159 0.00215
59 67 0.1828
189 217 0.01935
189 27 0.00215
189 221 0.38925
189 30 0.00645
189 220 0.0172
189 85 0.02366
189 185 0.0172
189 86 0.02366
189 192 0.02366
189 194 0.05591
189 200 0.00215
189 186 0.03441
189 187 0.02796
189 204 0.46237
189 37 0.02151
189 16 0.0043
189 43 0.02796
189 151 0.00215
189 93 0.00215
189 62 0.01075
189 149 0.0043
189 24 0.00215
189 66 0.0086
189 193 0.05376
189 209 0.00645
189 210 0.06882
189 206 0.00215
189 215 0.0086
189 183 0.01075
189 9 0.00645
189 7 0.02796
189 181 0.0172
189 180 0.1828
189 83 0.00645
189 74 0.01505
189 199 0.03871
189 184 0.00215
189 190 0.00215
189 198 0.00215
189 69 0.00215
189 22 0.00215
189 49 0.00645
189 48 0.03011
189 3 0.00215
189 99 0.0129
189 142 0.00215
189 51 0.01075
188 227 0.0043
188 226 0.00645
188 126 0.00215
188 128 0.0043
188 136 0.00645
188 130 0.01505
188 187 0.00215
188 139 0.01075
188 193 0.11828
188 206 0.01075
188 73 0.01935
188 98 0.00215
188 213 0.00215
188 142 0.01075
188 179 0.00215
188 74 0.00215
188 123 0.00215
188 132 0.02581
188 133 0.0129
188 184 0.00645
188 190 0.00645
188 198 0.01505
188 69 0.00215
188 146 0.0129
188 134 0.00215
188 155 0.0043
188 145 0.00645
188 154 0.0043
190 193 0.03226
190 196 0.0043
190 123 0.00645
190 99 0.0086
190 27 0.00215
190 206 0.03656
190 125 0.0043
190 124 0.00215
190 128 0.24301
190 200 0.00215
190 130 0.02366
190 203 0.00215
190 204 0.00215
190 44 0.00215
190 9 0.0043
190 7 0.0086
190 198 0.01935
190 199 0.00215
190 133 0.19785
190 131 0.01935
190 48 0.00645
190 228 0.02581
190 225 0.00215
190 224 0.00215
190 85 0.0043
190 140 0.01075
190 136 0.01075
190 70 0.0129
190 137 0.00215
190 139 0.00645
190 36 0.00215
190 34 0.0043
190 73 0.00215
190 229 0.0172
190 230 0.00645
190 232 0.02581
190 83 0.00215
190 84 0.0129
190 146 0.02796
190 147 0.00215
190 145 0.0086
190 142 0.00645
190 143 0.00215
190 132 0.0129
190 90 0.00215
190 219 0.00645
190 79 0.01505
190 151 0.0043
190 61 0.00215
190 63 0.0043
190 115 0.00215
190 64 0.0129
190 218 0.00645
190 155 0.02581
190 154 0.00215
190 180 0.00215
190 179 0.12258
190 184 0.02366
190 69 0.00645
190 109 0.00215
190 111 0.07097
190 65 0.00215
190 159 0.02151
190 156 0.00215
69 84 0.00215
69 12 0.00215
69 65 0.00645
69 18 0.00215
69 79 0.00215
69 26 0.00215
69 211 0.00215
69 228 0.00215
69 221 0.00215
69 30 0.00215
69 10 0.00215
69 224 0.02151
69 77 0.0086
69 180 0.00215
69 85 0.00215
69 86 0.00215
69 230 0.00215
69 109 0.03656
69 142 0.0172
69 136 0.04301
69 200 0.02581
69 138 0.0086
69 203 0.00215
69 36 0.00215
69 34 0.00215
69 35 0.00215
69 42 0.0043
69 179 0.00645
69 151 0.00645
69 146 0.00645
69 61 0.0086
69 3 0.00215
69 148 0.00215
69 24 0.00215
69 66 0.02151
69 126 0.01075
69 16 0.00215
69 135 0.04731
69 156 0.01075
69 234 0.00215
69 73 0.05591
69 108 0.0043
69 218 0.00215
69 210 0.0043
69 206 0.00215
69 215 0.00645
69 70 0.0086
69 232 0.00215
69 9 0.00215
69 7 0.00215
69 83 0.0086
69 198 0.01075
69 6 0.00215
69 184 0.00215
69 22 0.0043
69 193 0.0043
69 48 0.0086
69 123 0.00215
69 67 0.03656
69 155 0.2086
69 64 0.02151
69 130 0.0086
69 51 0.00215
69 157 0.00215
115 154 0.01075
115 235 0.01935
115 216 0.00645
115 211 0.00215
115 227 0.05591
115 223 0.00215
115 219 0.00215
115 127 0.01075
115 193 0.00215
115 128 0.0043
115 135 0.00215
115 203 0.09032
115 109 0.00215
115 66 0.0043
115 79 0.15699
115 159 0.17634
115 108 0.10108
115 111 0.0172
115 218 0.0043
115 144 0.13333
115 229 0.00215
115 230 0.03011
115 232 0.09462
115 94 0.03656
115 84 0.00215
115 132 0.00215
115 133 0.0043
115 131 0.00215
115 106 0.01935
115 105 0.01505
115 107 0.0129
115 49 0.00215
115 156 0.02366
115 110 0.01505
115 99 0.02366
115 98 0.09247
115 97 0.02151
115 96 0.64516
115 130 0.00215
115 95 0.0129
115 157 0.03226
100 154 0.0043
100 17 0.0129
100 30 0.00215
100 71 0.00215
100 87 0.0172
100 3 0.00215
100 204 0.00215
100 36 0.0086
100 35 0.01505
100 42 0.04946
100 44 0.00645
100 151 0.00215
100 93 0.01075
100 19 0.01075
100 148 0.03226
100 13 0.07097
100 15 0.00215
100 232 0.00215
100 9 0.00215
100 25 0.0172
100 134 0.0043
100 16 0.01075
100 10 0.00215
100 68 0.0043
100 49 0.00215
100 24 0.0086
100 14 0.01505
100 191 0.03871
100 144 0.00215
100 40 0.0043
100 39 0.0043
100 18 0.0129
100 67 0.00215
99 235 0.15269
99 216 0.0043
99 66 0.00215
99 131 0.00215
99 227 0.05591
99 221 0.01075
99 30 0.00215
99 219 0.09247
99 141 0.00215
99 113 0.04946
99 97 0.07312
99 200 0.0043
99 79 0.0086
99 204 0.0086
99 36 0.00215
99 44 0.00215
99 151 0.08172
99 134 0.00215
99 149 0.00215
99 96 0.0172
99 90 0.00215
99 108 0.0129
99 207 0.00215
99 111 0.09462
99 229 0.00215
99 143 0.0086
99 230 0.0086
99 232 0.00645
99 67 0.00215
99 83 0.00215
99 74 0.00215
99 94 0.0086
99 203 0.0043
99 128 0.01075
99 133 0.01075
99 184 0.00215
99 106 0.01505
99 105 0.0086
99 160 0.0086
99 107 0.03011
99 147 0.00215
99 110 0.0172
99 15 0.00215
99 144 0.06237
99 98 0.04516
99 154 0.00215
99 158 0.0043
99 159 0.01935
99 95 0.05161
99 157 0.16129
98 84 0.0129
98 76 0.00215
98 95 0.0086
98 235 0.24086
98 212 0.00215
98 26 0.00215
98 211 0.00215
98 227 0.01505
98 228 0.0043
98 219 0.04946
98 185 0.00215
98 125 0.00215
98 93 0.00215
98 97 0.01075
98 4 0.00215
98 200 0.00215
98 137 0.00215
98 202 0.00215
98 79 0.00215
98 136 0.00645
98 113 0.0129
98 109 0.00215
98 151 0.0043
98 63 0.00215
98 149 0.0086
98 203 0.0043
98 66 0.00215
98 96 0.42796
98 206 0.00215
98 111 0.0129
98 224 0.0043
98 144 0.09892
98 216 0.01935
98 143 0.0043
98 230 0.25591
98 68 0.00215
98 94 0.0086
98 64 0.00215
98 128 0.00215
98 91 0.00215
98 106 0.02366
98 198 0.0043
98 160 0.00645
98 107 0.00645
98 105 0.00645
98 108 0.0129
98 110 0.0043
98 154 0.00215
98 158 0.0172
98 159 0.0086
98 156 0.02796
98 157 0.0172
97 235 0.00215
97 227 0.06022
97 196 0.00215
97 202 0.00215
97 113 0.01935
97 92 0.00215
97 94 0.00215
97 111 0.21505
97 216 0.00215
97 230 0.02366
97 106 0.00645
97 105 0.04731
97 107 0.05806
97 108 0.01935
97 110 0.0129
97 144 0.10538
97 96 0.0129
97 95 0.03441
97 157 0.06452
96 143 0.0086
96 235 0.13763
96 212 0.00215
96 223 0.00215
96 227 0.06022
96 200 0.00215
96 137 0.00215
96 202 0.00215
96 113 0.02151
96 46 0.00215
96 111 0.01935
96 216 0.00215
96 230 0.0129
96 94 0.0172
96 106 0.0129
96 105 0.09032
96 107 0.00645
96 109 0.00215
96 108 0.09892
96 110 0.00645
96 144 0.15269
96 95 0.04946
96 157 0.04516
95 235 0.02796
95 227 0.05591
95 37 0.00215
95 113 0.09032
95 94 0.02796
95 111 0.03226
95 230 0.01505
95 106 0.00645
95 105 0.04301
95 107 0.4
95 108 0.05161
95 110 0.04946
95 144 0.04301
95 157 0.00645
235 154 0.0129
235 227 0.0129
235 228 0.00215
235 219 0.13548
235 141 0.00215
235 135 0.0043
235 113 0.0086
235 46 0.00215
235 42 0.00215
235 151 0.25591
235 92 0.00215
235 149 0.0129
235 111 0.03011
235 218 0.0086
235 143 0.00645
235 230 0.0129
235 196 0.00215
235 9 0.0043
235 94 0.02581
235 158 0.0086
235 224 0.0043
235 90 0.0043
235 106 0.0172
235 105 0.03656
235 107 0.03656
235 109 0.0086
235 108 0.03441
235 110 0.07527
235 144 0.01505
235 159 0.0043
235 157 0.10968
27 183 0.00215
27 199 0.0043
27 17 0.0043
27 26 0.01075
27 29 0.0043
27 221 0.00215
27 30 0.00215
27 71 0.09892
27 185 0.00215
27 2 0.01075
27 1 0.03441
27 4 0.0172
27 3 0.01075
27 204 0.00215
27 36 0.00215
27 68 0.07957
27 12 0.0043
27 11 0.00215
27 191 0.03226
27 20 0.00645
27 42 0.0043
27 62 0.03011
27 24 0.03656
27 44 0.04301
27 193 0.00645
27 15 0.0043
27 218 0.00215
27 72 0.03441
27 35 0.0043
27 215 0.0043
27 10 0.01505
27 9 0.01935
27 7 0.00215
27 180 0.00645
27 5 0.06452
27 6 0.0172
27 8 0.02151
27 16 0.0086
27 22 0.06452
27 49 0.04946
27 48 0.00215
27 14 0.03871
27 23 0.01935
27 66 0.0043
27 25 0.0043
27 39 0.00215
27 18 0.04516
236 225 0.00215
236 226 0.02581
236 80 0.00215
236 81 0.00215
236 201 0.0043
236 79 0.0086
236 90 0.00645
236 92 0.03226
236 234 0.00215
236 229 0.00215
236 231 0.03871
236 232 0.03226
236 88 0.00215
236 83 0.00215
236 89 0.04086
236 75 0.11828
236 84 0.00645
236 91 0.0043
236 76 0.08602
236 77 0.0043
236 142 0.00215
236 67 0.00215
26 84 0.00215
26 143 0.00645
26 29 0.0129
26 221 0.00215
26 30 0.07312
26 219 0.00215
26 38 0.0043
26 3 0.0129
26 193 0.00215
26 125 0.00645
26 15 0.0043
26 196 0.00215
26 2 0.0043
26 1 0.01505
26 4 0.03441
26 135 0.00215
26 137 0.00215
26 71 0.0086
26 36 0.02581
26 22 0.02366
26 12 0.05806
26 11 0.00215
26 20 0.0043
26 151 0.00215
26 41 0.00215
26 62 0.02796
26 19 0.12903
26 13 0.00215
26 24 0.00215
26 6 0.25376
26 44 0.0043
26 16 0.00215
26 207 0.00215
26 208 0.00215
26 35 0.02581
26 215 0.0172
26 9 0.03011
26 7 0.09247
26 5 0.00215
26 191 0.01075
26 8 0.00215
26 194 0.01075
26 10 0.24731
26 160 0.00215
26 68 0.02151
26 49 0.0172
26 48 0.0129
26 14 0.00215
26 23 0.07742
26 66 0.00215
26 40 0.01075
26 18 0.00215
26 73 0.00215
26 67 0.00215
29 221 0.00215
29 30 0.01075
29 126 0.00215
29 2 0.01505
29 1 0.0129
29 4 0.00215
29 3 0.00215
29 71 0.16989
29 36 0.00645
29 22 0.0129
29 12 0.0129
29 11 0.08817
29 20 0.01075
29 62 0.01075
29 44 0.00215
29 8 0.0086
29 72 0.0129
29 35 0.00215
29 9 0.02796
29 7 0.00215
29 82 0.00215
29 6 0.0086
29 191 0.00645
29 10 0.05161
29 68 0.03871
29 24 0.00645
29 14 0.00645
29 23 0.0086
29 17 0.00215
29 145 0.00215
29 39 0.05806
29 18 0.01075
123 130 0.0086
123 228 0.0086
123 85 0.00215
123 126 0.01935
123 142 0.00215
123 136 0.01075
123 70 0.01505
123 138 0.03871
123 139 0.0043
123 204 0.00215
123 113 0.00215
123 43 0.0086
123 109 0.01505
123 61 0.01935
123 64 0.0172
123 193 0.00645
123 73 0.0086
123 66 0.0129
123 206 0.00645
123 231 0.00215
123 108 0.00215
123 92 0.00215
123 179 0.00645
123 198 0.00215
123 132 0.0043
123 131 0.0043
123 146 0.00215
123 24 0.00215
123 134 0.00645
123 144 0.00215
123 145 0.05161
123 65 0.01505
123 201 0.01505
123 67 0.0172
30 132 0.00215
30 66 0.00215
30 71 0.01075
30 219 0.0086
30 185 0.00215
30 125 0.00215
30 15 0.03441
30 196 0.00215
30 2 0.00215
30 1 0.0086
30 4 0.41935
30 3 0.01075
30 137 0.00215
30 204 0.00645
30 36 0.0086
30 37 0.00645
30 22 0.00645
30 12 0.04731
30 11 0.00215
30 191 0.02796
30 62 0.28602
30 19 0.0043
30 149 0.00215
30 47 0.00215
30 44 0.0043
30 193 0.0043
30 23 0.01935
30 135 0.0043
30 72 0.05591
30 46 0.00215
30 13 0.10753
30 232 0.00215
30 9 0.08172
30 7 0.0129
30 5 0.0043
30 6 0.05161
30 8 0.00645
30 16 0.03011
30 133 0.00215
30 10 0.0129
30 68 0.0043
30 41 0.00215
30 48 0.0043
30 153 0.00215
30 17 0.0043
30 18 0.00215
30 156 0.00215
30 143 0.00215
127 129 0.01505
127 212 0.00645
127 211 0.0043
127 222 0.03011
127 219 0.0129
127 141 0.07097
127 124 0.0043
127 200 0.00645
127 137 0.0043
127 202 0.0043
127 203 0.0086
127 92 0.01505
127 205 0.00645
127 207 0.0129
127 208 0.1914
127 218 0.00215
127 216 0.01075
127 214 0.00645
127 106 0.00645
127 107 0.0172
127 147 0.01505
127 223 0.0043
127 143 0.01505
126 183 0.00215
126 224 0.00215
126 85 0.00215
126 140 0.00215
126 86 0.00215
126 136 0.0129
126 70 0.0043
126 138 0.00645
126 79 0.00215
126 139 0.00215
126 20 0.00215
126 61 0.0043
126 134 0.16774
126 63 0.00215
126 64 0.0129
126 206 0.00645
126 23 0.00215
126 66 0.01075
126 7 0.00215
126 179 0.00215
126 132 0.00215
126 184 0.00215
126 109 0.0129
126 24 0.00215
126 67 0.15054
126 155 0.00215
126 145 0.01075
126 154 0.00215
126 158 0.00215
126 130 0.0043
126 73 0.03011
126 65 0.06882
125 84 0.00645
125 228 0.00645
125 226 0.00215
125 219 0.00645
125 86 0.01075
125 80 0.0043
125 224 0.0043
125 130 0.00215
125 137 0.00215
125 139 0.00215
125 113 0.01505
125 34 0.00215
125 12 0.00215
125 151 0.0043
125 62 0.00215
125 150 0.01075
125 149 0.03441
125 203 0.0043
125 22 0.0043
125 108 0.0172
125 207 0.0086
125 218 0.01505
125 210 0.0043
125 143 0.02581
125 230 0.00645
125 153 0.01935
125 232 0.0086
125 16 0.0086
125 154 0.05806
125 6 0.00645
125 194 0.00215
125 128 0.00215
125 199 0.00215
125 133 0.0043
125 4 0.00215
125 160 0.01505
125 68 0.00215
125 41 0.0043
125 147 0.04516
125 15 0.00215
125 76 0.08172
125 158 0.01505
125 159 0.07527
125 156 0.05376
125 157 0.05591
124 137 0.00215
124 79 0.0129
124 212 0.00215
124 222 0.0086
124 219 0.0043
124 128 0.00215
124 200 0.0043
124 129 0.0086
124 202 0.00645
124 203 0.00645
124 113 0.00215
124 92 0.0086
124 149 0.00215
124 207 0.0043
124 208 0.0043
124 224 0.02581
124 216 0.00645
124 214 0.00645
124 9 0.00215
124 83 0.00645
124 84 0.01075
124 229 0.0086
124 49 0.00215
124 147 0.00215
124 143 0.04946
128 84 0.01505
128 203 0.0043
128 185 0.00215
128 133 0.15914
128 130 0.02581
128 228 0.02581
128 226 0.00215
128 10 0.00215
128 224 0.00215
128 140 0.0043
128 136 0.0043
128 200 0.00215
128 137 0.0043
128 138 0.04946
128 79 0.0129
128 139 0.0086
128 151 0.00215
128 62 0.00215
128 63 0.00215
128 3 0.00215
128 193 0.0043
128 159 0.01935
128 207 0.0043
128 73 0.01075
128 111 0.05806
128 218 0.0043
128 155 0.03226
128 229 0.0086
128 206 0.00645
128 230 0.00215
128 232 0.03011
128 7 0.00215
128 65 0.02151
128 179 0.0086
128 132 0.01075
128 131 0.01935
128 198 0.0129
128 15 0.00215
128 67 0.00215
128 64 0.01505
128 70 0.0172
128 156 0.00215
128 143 0.00215
200 129 0.02151
200 83 0.11828
200 91 0.0043
200 50 0.00645
200 212 0.01505
200 227 0.00645
200 228 0.0043
200 204 0.00215
200 219 0.04516
200 41 0.0043
200 158 0.00215
200 216 0.01935
200 224 0.0043
200 137 0.0043
200 202 0.0172
200 79 0.00645
200 113 0.03011
200 90 0.06452
200 159 0.00215
200 147 0.00645
200 92 0.03871
200 94 0.00215
200 205 0.0172
200 207 0.09892
200 203 0.1828
200 218 0.08602
200 210 0.0086
200 229 0.12688
200 230 0.0043
200 214 0.00645
200 232 0.02581
200 143 0.01505
200 47 0.0172
200 222 0.00645
200 84 0.02581
200 133 0.00215
200 131 0.0172
200 106 0.0043
200 16 0.00215
200 49 0.00215
200 48 0.01075
200 141 0.00645
200 154 0.08172
200 201 0.06237
200 156 0.00215
200 157 0.00215
130 133 0.06667
130 229 0.00215
130 131 0.06237
130 228 0.01935
130 85 0.00215
130 136 0.01075
130 139 0.0043
130 109 0.00215
130 61 0.0043
130 134 0.00645
130 64 0.00645
130 142 0.02796
130 193 0.02151
130 86 0.0043
130 73 0.00215
130 217 0.00215
130 206 0.18925
130 140 0.00215
130 179 0.09677
130 198 0.09247
130 132 0.00215
130 184 0.03656
130 146 0.23011
130 194 0.00215
130 155 0.0043
130 145 0.01075
130 70 0.00645
130 156 0.00215
130 67 0.0086
129 212 0.02151
129 211 0.05161
129 222 0.05376
129 219 0.04301
129 137 0.0129
129 202 0.0043
129 203 0.19355
129 92 0.05161
129 205 0.06452
129 207 0.03441
129 218 0.0086
129 216 0.33118
129 214 0.01075
129 77 0.00215
129 41 0.00215
129 147 0.06452
129 223 0.00645
129 143 0.0129
202 137 0.01075
202 141 0.00215
202 212 0.00215
202 211 0.0043
202 222 0.00645
202 219 0.0129
202 196 0.00215
202 203 0.00645
202 37 0.00215
202 205 0.00215
202 207 0.00215
202 208 0.00215
202 218 0.04516
202 111 0.00215
202 216 0.01505
202 214 0.00215
202 105 0.0043
202 147 0.00645
202 223 0.00215
202 157 0.0086
203 137 0.01935
203 90 0.00215
203 212 0.01075
203 211 0.11183
203 132 0.0043
203 221 0.00215
203 223 0.00215
203 222 0.0043
203 219 0.02796
203 193 0.0043
203 88 0.00215
203 4 0.00215
203 79 0.2172
203 151 0.00215
203 92 0.0172
203 205 0.0043
203 94 0.00215
203 232 0.10323
203 208 0.02151
203 216 0.02366
203 35 0.00215
203 214 0.04731
203 10 0.00215
203 143 0.01075
203 84 0.0043
203 199 0.0043
203 133 0.00215
203 229 0.0129
203 49 0.00215
203 147 0.0172
203 64 0.00215
203 159 0.08602
203 156 0.0043
203 157 0.00215
204 84 0.00215
204 183 0.01935
204 199 0.08817
204 210 0.14409
204 79 0.00215
204 66 0.00645
204 228 0.00215
204 221 0.32473
204 10 0.0043
204 224 0.00215
204 85 0.0086
204 185 0.00645
204 86 0.02581
204 192 0.05161
204 4 0.00215
204 186 0.00215
204 187 0.03011
204 71 0.00645
204 37 0.0086
204 22 0.0043
204 43 0.0129
204 109 0.00215
204 62 0.0086
204 150 0.00215
204 149 0.00215
204 24 0.00215
204 193 0.01505
204 15 0.00215
204 135 0.00215
204 209 0.0129
204 217 0.00215
204 215 0.0129
204 213 0.00215
204 9 0.0043
204 7 0.05161
204 181 0.0086
204 180 0.02151
204 83 0.00215
204 16 0.00215
204 184 0.00215
204 160 0.00215
204 68 0.00645
204 49 0.01935
204 48 0.04516
204 194 0.03656
204 154 0.00215
204 142 0.00215
204 51 0.0129
45 185 0.07957
45 82 0.00645
45 37 0.27957
45 135 0.0043
45 219 0.00215
45 46 0.0043
45 34 0.01075
45 49 0.02151
45 48 0.0043
45 38 0.0172
45 93 0.0043
45 50 0.03226
45 62 0.00215
45 47 0.0172
45 51 0.09032
45 196 0.01505
46 41 0.0086
46 227 0.00215
46 71 0.00645
46 185 0.03871
46 196 0.12043
46 82 0.0172
46 1 0.0086
46 135 0.01075
46 37 0.02581
46 34 0.09032
46 42 0.00215
46 38 0.03871
46 93 0.03011
46 50 0.0086
46 62 0.00215
46 108 0.00215
46 9 0.00215
46 40 0.0043
46 5 0.00215
46 6 0.00215
46 47 0.13333
46 105 0.00215
46 49 0.0129
46 48 0.05806
46 14 0.00215
46 3 0.0043
46 39 0.00215
46 157 0.00215
46 51 0.0043
46 36 0.00215
42 16 0.01075
42 37 0.00215
42 196 0.00645
42 87 0.0043
42 135 0.0043
42 71 0.05376
42 36 0.09032
42 34 0.0043
42 35 0.0043
42 12 0.0043
42 44 0.02581
42 191 0.00215
42 62 0.0043
42 3 0.06667
42 148 0.00645
42 64 0.0043
42 9 0.01075
42 15 0.0043
42 24 0.02151
42 20 0.00215
42 72 0.00645
42 13 0.11183
42 180 0.00645
42 28 0.01075
42 25 0.00215
42 5 0.0043
42 17 0.0129
42 1 0.03441
42 199 0.01505
42 22 0.00645
42 49 0.00215
42 48 0.0043
42 14 0.03871
42 155 0.00215
42 40 0.02581
42 39 0.00215
42 18 0.0129
43 199 0.00645
43 217 0.00215
43 221 0.01075
43 220 0.0129
43 85 0.01505
43 185 0.00215
43 86 0.0043
43 192 0.0086
43 194 0.0043
43 4 0.0043
43 186 0.0043
43 187 0.00645
43 12 0.00215
43 93 0.00645
43 150 0.0043
43 209 0.0129
43 210 0.0043
43 215 0.0129
43 213 0.00215
43 183 0.0086
43 182 0.00215
43 181 0.00215
43 180 0.0129
43 74 0.00215
43 198 0.00215
43 191 0.0086
43 144 0.01075
43 145 0.0129
43 17 0.00215
44 1 0.0086
44 72 0.00215
44 154 0.00215
44 79 0.0086
44 28 0.00215
44 228 0.00215
44 221 0.00215
44 220 0.00215
44 15 0.0086
44 2 0.00645
44 87 0.00645
44 4 0.0086
44 135 0.00215
44 186 0.0043
44 71 0.01935
44 36 0.00645
44 37 0.00215
44 34 0.0043
44 22 0.03011
44 11 0.00645
44 12 0.00645
44 62 0.00215
44 19 0.0043
44 3 0.0043
44 64 0.0043
44 66 0.00215
44 193 0.0043
44 209 0.00215
44 218 0.00215
44 217 0.00215
44 35 0.0043
44 13 0.0129
44 7 0.00215
44 179 0.00215
44 6 0.0129
44 17 0.05161
44 8 0.0086
44 16 0.14409
44 199 0.00215
44 68 0.03011
44 49 0.05806
44 24 0.10538
44 14 0.11828
44 23 0.00215
44 40 0.00645
44 39 0.04731
44 18 0.25806
44 25 0.05161
93 37 0.06667
93 185 0.07097
93 196 0.04301
93 82 0.0086
93 194 0.00215
93 4 0.00215
93 135 0.02581
93 34 0.03011
93 16 0.00215
93 38 0.08387
93 191 0.0043
93 41 0.0043
93 92 0.00215
93 62 0.00215
93 150 0.01075
93 210 0.00215
93 47 0.03226
93 68 0.00215
93 49 0.11183
93 48 0.01935
93 144 0.00215
93 17 0.00215
93 51 0.04516
93 50 0.04516
92 234 0.00215
92 79 0.00215
92 212 0.01075
92 211 0.01935
92 225 0.00215
92 226 0.04946
92 222 0.0129
92 219 0.03011
92 201 0.00215
92 137 0.01505
92 62 0.00215
92 108 0.0043
92 141 0.0129
92 90 0.0172
92 207 0.0129
92 208 0.01505
92 205 0.00645
92 218 0.0129
92 111 0.00215
92 216 0.03011
92 214 0.03011
92 9 0.00215
92 89 0.09677
92 75 0.00215
92 84 0.00215
92 91 0.00215
92 76 0.0043
92 68 0.00215
92 147 0.0172
92 191 0.00215
92 223 0.03226
92 143 0.01505
94 227 0.11183
94 193 0.00215
94 137 0.00215
94 113 0.0129
94 208 0.00215
94 111 0.00645
94 230 0.0129
94 143 0.00215
94 106 0.0129
94 105 0.02366
94 107 0.0129
94 108 0.0043
94 110 0.00215
94 144 0.00645
94 157 0.09677
147 137 0.0043
147 199 0.00215
147 219 0.02581
147 76 0.17849
147 212 0.03656
147 211 0.00645
147 225 0.00215
147 223 0.0043
147 10 0.00215
147 224 0.00215
147 216 0.0043
147 113 0.00215
147 34 0.00215
147 35 0.00215
147 77 0.00215
147 151 0.0043
147 205 0.01075
147 141 0.0172
147 90 0.00215
147 207 0.02366
147 208 0.24301
147 218 0.02366
147 144 0.00215
147 229 0.0043
147 214 0.2086
147 232 0.00645
147 180 0.00215
147 222 0.0086
147 132 0.0043
147 133 0.00215
147 131 0.00215
147 107 0.01075
147 49 0.00215
147 108 0.00215
147 14 0.00215
147 3 0.00215
147 154 0.00215
147 156 0.09032
147 143 0.11828
85 183 0.00645
85 138 0.00215
85 210 0.00645
85 154 0.0043
85 221 0.01075
85 224 0.00215
85 215 0.11183
85 220 0.01075
85 86 0.00215
85 192 0.0086
85 2 0.00215
85 80 0.00215
85 81 0.00215
85 186 0.0043
85 187 0.00215
85 151 0.0043
85 63 0.00215
85 193 0.00215
85 209 0.0043
85 217 0.00215
85 181 0.0086
85 231 0.00215
85 140 0.00215
85 233 0.00215
85 213 0.00645
85 182 0.00215
85 8 0.00215
85 199 0.0086
85 74 0.02151
85 1 0.00215
85 24 0.00215
85 134 0.00215
85 67 0.0043
85 40 0.00215
85 156 0.00215
85 65 0.00215
193 196 0.00215
193 194 0.02581
193 151 0.00215
193 160 0.0043
193 206 0.00645
193 9 0.0043
193 7 0.00215
193 198 0.00645
193 132 0.12688
193 133 0.00645
193 131 0.0172
193 49 0.00215
193 48 0.0086
193 51 0.00215
193 228 0.01075
193 140 0.0043
193 1 0.00645
193 3 0.00215
193 70 0.00215
193 137 0.00215
193 138 0.00215
193 139 0.00215
193 71 0.01075
193 207 0.00215
193 232 0.00215
193 146 0.11183
193 145 0.0086
193 40 0.0043
193 17 0.00215
193 142 0.0086
193 221 0.0172
193 219 0.00215
193 187 0.00215
193 61 0.00215
193 62 0.00215
193 64 0.0172
193 66 0.0043
193 215 0.00215
193 213 0.00215
193 180 0.00215
193 179 0.04731
193 184 0.02366
193 109 0.00215
193 24 0.00215
193 155 0.02366
193 25 0.00215
193 159 0.00215
193 156 0.00215
192 91 0.0043
192 221 0.02366
192 220 0.0129
192 86 0.03656
192 194 0.00215
192 186 0.0172
192 187 0.02796
192 20 0.00215
192 149 0.00215
192 182 0.0043
192 73 0.00215
192 209 0.03871
192 217 0.30968
192 215 0.00215
192 213 0.00215
192 183 0.0172
192 210 0.01075
192 180 0.0172
192 74 0.00645
192 199 0.01935
192 198 0.00215
192 109 0.00215
192 24 0.00215
192 40 0.00215
192 17 0.00215
192 159 0.00215
192 67 0.00215
196 41 0.02366
196 72 0.00215
196 64 0.00215
196 221 0.0043
196 71 0.0086
196 82 0.01505
196 37 0.01075
196 4 0.00645
196 135 0.0043
196 34 0.24946
196 16 0.00215
196 38 0.05806
196 50 0.02151
196 232 0.00215
196 47 0.07097
196 3 0.0086
196 9 0.00215
196 185 0.02151
196 35 0.04301
196 230 0.00215
196 180 0.18495
196 28 0.0043
196 7 0.00645
196 154 0.00645
196 5 0.0129
196 1 0.01935
196 199 0.02366
196 131 0.00215
196 68 0.00215
196 49 0.05161
196 48 0.08817
196 23 0.00215
196 17 0.00215
196 51 0.06667
196 36 0.01505
9 199 0.00215
9 221 0.0043
9 20 0.01505
9 2 0.04086
9 37 0.02366
9 4 0.10753
9 3 0.0086
9 187 0.00215
9 36 0.00645
9 22 0.01505
9 11 0.00215
9 191 0.07742
9 151 0.00215
9 12 0.01505
9 62 1.0
9 64 0.00645
9 232 0.00215
9 185 0.01505
9 6 0.06452
9 23 0.00645
9 24 0.0086
9 7 0.0043
9 218 0.00215
9 35 0.01935
9 230 0.00215
9 10 0.02796
9 16 0.06452
9 180 0.00215
9 108 0.00215
9 5 0.0086
9 73 0.00215
9 8 0.00645
9 1 0.03441
9 133 0.00215
9 71 0.07957
9 68 0.01075
9 49 0.0086
9 13 0.01075
9 14 0.00215
9 155 0.00215
9 18 0.00215
9 51 0.01075
9 15 0.09892
7 48 0.10968
7 23 0.17849
7 199 0.00215
7 228 0.00215
7 221 0.03656
7 10 0.01075
7 155 0.0043
7 185 0.00645
7 158 0.0086
7 111 0.0043
7 2 0.02796
7 4 0.01505
7 135 0.00645
7 36 0.00215
7 34 0.00215
7 22 0.0086
7 12 0.11613
7 11 0.0043
7 191 0.00645
7 151 0.00215
7 41 0.05376
7 62 0.01075
7 150 0.00215
7 24 0.00215
7 207 0.00215
7 20 0.00215
7 218 0.00215
7 72 0.0043
7 215 0.26667
7 230 0.00215
7 35 0.02151
7 213 0.00215
7 180 0.00215
7 5 0.0086
7 6 0.08172
7 47 0.00215
7 16 0.0129
7 1 0.00645
7 229 0.00215
7 71 0.0129
7 160 0.00215
7 68 0.0129
7 49 0.09462
7 13 0.00645
7 8 0.0043
7 194 0.00215
7 66 0.01505
7 39 0.00215
7 18 0.0086
7 51 0.01075
8 2 0.00215
8 1 0.01505
8 4 0.0043
8 3 0.00645
8 71 0.01505
8 36 0.00215
8 37 0.00215
8 22 0.09247
8 12 0.0043
8 20 0.00215
8 61 0.00215
8 62 0.00645
8 17 0.0172
8 11 0.00215
8 72 0.03226
8 5 0.01505
8 6 0.0086
8 191 0.03441
8 10 0.0172
8 68 0.1957
8 24 0.0129
8 14 0.00645
8 23 0.01505
8 66 0.00215
8 39 0.0043
8 18 0.0043
8 67 0.00215
88 90 0.00215
88 226 0.0043
88 225 0.00645
88 221 0.00215
88 224 0.0129
88 81 0.46237
88 201 0.01935
88 151 0.00215
88 234 0.04731
88 229 0.0043
88 233 0.00215
88 232 0.0086
88 83 0.0129
88 179 0.00215
88 79 0.00215
88 75 0.11828
88 76 0.00215
88 134 0.0043
89 78 0.00645
89 75 0.05376
89 80 0.00215
89 81 0.00215
89 201 0.02151
89 84 0.05806
89 231 0.0086
89 79 0.0043
89 76 0.03011
89 234 0.0043
89 90 0.11613
89 134 0.0043
89 229 0.0129
89 226 0.0043
89 77 0.00645
6 83 0.00215
6 154 0.00215
6 22 0.02796
6 228 0.00215
6 221 0.00645
6 37 0.00215
6 185 0.0043
6 24 0.0043
6 2 0.08172
6 194 0.06452
6 4 0.12043
6 135 0.00215
6 187 0.0043
6 71 0.00215
6 36 0.00215
6 16 0.05161
6 12 0.03441
6 62 0.06237
6 3 0.0043
6 23 0.0129
6 20 0.09462
6 143 0.00215
6 72 0.0129
6 35 0.00215
6 215 0.0086
6 108 0.00215
6 232 0.00645
6 180 0.0043
6 5 0.03226
6 17 0.00215
6 191 0.04516
6 1 0.0086
6 132 0.00215
6 10 0.06667
6 160 0.00215
6 68 0.03871
6 49 0.0172
6 48 0.0043
6 14 0.00645
6 66 0.0043
6 67 0.00215
6 39 0.00215
6 18 0.0043
6 51 0.0043
6 15 0.09677
198 132 0.00645
198 63 0.0043
198 133 0.01935
198 91 0.0043
198 228 0.0086
198 131 0.09892
198 77 0.00215
198 136 0.06667
198 139 0.0172
198 213 0.00215
198 19 0.00215
198 149 0.00215
198 148 0.0043
198 64 0.00215
198 140 0.0129
198 73 0.0043
198 206 0.04731
198 215 0.00215
198 230 0.01075
198 145 0.01935
198 232 0.00215
198 182 0.00215
198 142 0.02581
198 179 0.03441
198 184 0.01935
198 146 0.0086
198 24 0.00215
198 155 0.00215
198 40 0.00215
198 158 0.00215
198 156 0.00215
134 23 0.00215
134 28 0.00215
134 66 0.0043
134 228 0.00215
134 215 0.00215
134 187 0.0043
134 136 0.1914
134 81 0.00215
134 138 0.03441
134 139 0.00215
134 179 0.00215
134 61 0.03441
134 109 0.03656
134 64 0.1957
134 206 0.00215
134 73 0.01075
134 217 0.00215
134 231 0.00215
134 213 0.0043
134 180 0.00215
134 106 0.00215
134 76 0.00215
134 160 0.00215
134 16 0.00215
134 146 0.00215
134 67 0.1828
134 145 0.00215
134 154 0.00215
134 158 0.00215
134 70 0.0086
134 65 0.01075
194 183 0.03656
194 199 0.06022
194 210 0.0043
194 221 0.04731
194 219 0.00215
194 220 0.02151
194 135 0.00215
194 186 0.0129
194 187 0.0043
194 37 0.00645
194 34 0.00215
194 16 0.01075
194 185 0.01075
194 86 0.11613
194 209 0.0086
194 218 0.00215
194 217 0.00215
194 229 0.00215
194 215 0.00215
194 213 0.00215
194 181 0.03011
194 180 0.02796
194 131 0.0043
194 22 0.0043
194 49 0.00215
194 15 0.0043
194 51 0.00215
132 48 0.00215
132 83 0.0043
132 185 0.00215
132 184 0.00645
132 228 0.08602
132 84 0.06452
132 219 0.00215
132 145 0.02151
132 224 0.05806
132 137 0.00215
132 187 0.00215
132 133 0.0086
132 159 0.00215
132 151 0.0043
132 61 0.00215
132 149 0.00215
132 66 0.0043
132 24 0.00215
132 108 0.00215
132 218 0.00215
132 111 0.0086
132 229 0.00645
132 206 0.0129
132 230 0.00215
132 140 0.17419
132 64 0.00645
132 179 0.00645
132 199 0.00215
132 131 0.06667
132 76 0.00215
132 146 0.00215
132 135 0.00215
132 67 0.00645
132 155 0.00645
132 154 0.00645
132 17 0.00215
132 65 0.00215
133 84 0.0086
133 199 0.0043
133 79 0.01075
133 229 0.01075
133 228 0.0043
133 219 0.00215
133 4 0.00215
133 138 0.00215
133 139 0.00215
133 62 0.00215
133 142 0.01075
133 140 0.00215
133 73 0.01505
133 155 0.01935
133 224 0.00215
133 206 0.00215
133 70 0.02796
133 232 0.01935
133 179 0.01505
133 184 0.25591
133 146 0.0086
133 81 0.00215
133 145 0.01075
133 64 0.03011
133 156 0.01075
133 143 0.01935
131 84 0.0086
131 218 0.01935
131 228 0.13548
131 219 0.00645
131 143 0.0043
131 86 0.0043
131 137 0.00215
131 139 0.04301
131 151 0.00645
131 109 0.02151
131 61 0.0172
131 149 0.00215
131 206 0.0129
131 140 0.0129
131 159 0.00215
131 224 0.00215
131 155 0.01075
131 229 0.0129
131 70 0.00215
131 232 0.0043
131 83 0.00215
131 179 0.06237
131 76 0.0043
131 184 0.00215
131 146 0.02366
131 145 0.01505
131 154 0.09247
131 158 0.00645
131 157 0.0043
10 84 0.01505
10 16 0.00215
10 72 0.0043
10 154 0.00215
10 2 0.0172
10 4 0.07312
10 135 0.0043
10 36 0.00215
10 22 0.03871
10 12 0.03226
10 17 0.00215
10 191 0.0043
10 64 0.01505
10 62 0.01075
10 47 0.0043
10 3 0.01075
10 24 0.01075
10 20 0.00645
10 210 0.04731
10 40 0.00215
10 180 0.00215
10 5 0.00645
10 1 0.02581
10 199 0.02796
10 159 0.00215
10 71 0.05591
10 68 0.02581
10 49 0.00215
10 48 0.0043
10 14 0.00215
10 23 0.0129
10 66 0.00215
10 25 0.00645
10 39 0.0043
10 18 0.01505
136 63 0.00215
136 228 0.00215
136 4 0.00215
136 138 0.01935
136 151 0.00215
136 61 0.0086
136 19 0.00215
136 215 0.00215
136 145 0.00215
136 109 0.02581
136 13 0.00215
136 67 0.00645
136 66 0.0043
136 64 0.0172
136 70 0.03011
136 73 0.09247
136 65 0.0086
49 1 0.01935
49 48 0.13548
49 12 0.01505
49 143 0.03441
49 51 0.07312
49 221 0.00645
49 219 0.0043
49 37 0.06882
49 111 0.0043
49 82 0.0172
49 4 0.0043
49 137 0.00215
49 34 0.03871
49 22 0.00215
49 50 0.04731
49 62 0.0043
49 47 0.05161
49 3 0.00215
49 38 0.09032
49 185 0.06452
49 16 0.00215
49 135 0.01935
49 207 0.00645
49 218 0.00215
49 210 0.0043
49 35 0.0043
49 215 0.11183
49 230 0.01075
49 24 0.00215
49 180 0.0172
49 222 0.00645
49 84 0.00215
49 71 0.00645
49 68 0.00645
49 41 0.11828
49 15 0.00215
49 154 0.0043
49 18 0.0129
49 156 0.0129
49 36 0.00215
48 36 0.00645
48 12 0.00215
48 154 0.00215
48 221 0.02796
48 37 0.01935
48 180 0.01505
48 82 0.02366
48 1 0.0043
48 34 0.04086
48 35 0.0129
48 38 0.0172
48 159 0.00215
48 232 0.00215
48 19 0.00215
48 64 0.00215
48 47 0.03656
48 14 0.00215
48 185 0.03226
48 23 0.00215
48 207 0.00215
48 218 0.0043
48 210 0.01075
48 215 0.09677
48 40 0.00215
48 199 0.00645
48 84 0.01075
48 71 0.00215
48 16 0.00215
48 41 0.0043
48 135 0.00645
48 155 0.0043
48 50 0.13333
48 18 0.00215
48 51 0.0043
48 157 0.00215
135 199 0.0086
135 210 0.0043
135 221 0.00215
135 219 0.00215
135 37 0.07097
135 185 0.32903
135 111 0.00645
135 82 0.02366
135 4 0.00645
135 3 0.00215
135 34 0.01505
135 113 0.00215
135 151 0.00215
135 47 0.03226
135 64 0.02151
135 155 0.02366
135 38 0.01935
135 207 0.00215
135 41 0.00645
135 35 0.00215
135 180 0.00215
135 16 0.02581
135 83 0.00215
135 68 0.0043
135 14 0.00215
135 66 0.0043
135 51 0.0086
135 50 0.0086
17 1 0.00215
17 28 0.0086
17 228 0.00215
17 15 0.0043
17 2 0.00645
17 87 0.14409
17 4 0.00215
17 159 0.00215
17 187 0.0043
17 71 0.0043
17 36 0.02151
17 72 0.0129
17 35 0.02581
17 20 0.0043
17 19 0.09462
17 149 0.00215
17 148 0.0043
17 142 0.00215
17 140 0.00215
17 24 0.11183
17 217 0.0043
17 206 0.00215
17 40 0.07097
17 182 0.00215
17 179 0.00215
17 5 0.00215
17 74 0.00215
17 16 0.02581
17 184 0.0043
17 68 0.01505
17 13 0.00645
17 14 0.07097
17 25 0.03011
17 39 0.00645
17 18 0.05161
51 199 0.0086
51 221 0.01935
51 37 0.24301
51 82 0.01505
51 34 0.09032
51 12 0.00215
51 38 0.01935
51 62 0.00645
51 47 0.01935
51 64 0.0129
51 185 0.25806
51 41 0.0086
51 215 0.00215
51 180 0.01075
51 155 0.00645
51 40 0.00215
51 159 0.00645
51 50 0.02796
50 41 0.0043
50 185 0.05806
50 82 0.03871
50 37 0.03226
50 34 0.0172
50 38 0.0172
50 47 0.02796
65 228 0.00215
65 226 0.00215
65 140 0.00215
65 70 0.0129
65 138 0.09677
65 35 0.00215
65 109 0.02366
65 61 0.0172
65 63 0.04731
65 148 0.00215
65 64 0.0172
65 73 0.0086
65 229 0.00215
65 232 0.0043
65 184 0.00215
65 146 0.01075
65 66 0.04731
65 145 0.00215
65 40 0.00215
65 67 0.01075
212 137 0.00215
212 211 0.03011
212 219 0.32258
212 205 0.00215
212 141 0.00645
212 207 0.0086
212 208 0.00215
212 218 0.00215
212 216 0.0043
212 214 0.0129
212 107 0.01075
212 109 0.0043
212 110 0.00645
212 223 0.0086
212 143 0.0129
211 223 0.01935
211 222 0.00215
211 219 0.04731
211 63 0.00215
211 141 0.26882
211 205 0.01935
211 108 0.00215
211 207 0.00645
211 218 0.05161
211 216 0.0129
211 230 0.0043
211 214 0.00215
211 66 0.00215
211 64 0.0043
211 143 0.01505
227 90 0.00215
227 219 0.00215
227 141 0.00215
227 113 0.01505
227 37 0.00215
227 208 0.00215
227 111 0.04946
227 216 0.00215
227 230 0.07527
227 106 0.13118
227 105 0.17419
227 107 0.0043
227 108 0.02581
227 110 0.00645
227 144 0.03656
227 157 0.24946
228 84 0.12258
228 83 0.00645
228 76 0.00215
228 90 0.0043
228 184 0.00645
228 221 0.00215
228 224 0.08602
228 201 0.0172
228 137 0.00215
228 158 0.00215
228 139 0.23656
228 159 0.00215
228 149 0.0043
228 66 0.00215
228 142 0.0086
228 140 0.09247
228 67 0.00215
228 111 0.00215
228 218 0.00215
228 229 0.0086
228 206 0.00645
228 215 0.00215
228 35 0.00215
228 145 0.03441
228 232 0.00215
228 180 0.00215
228 179 0.0129
228 146 0.0043
228 108 0.00215
228 153 0.00215
228 155 0.02366
228 154 0.00645
228 143 0.00215
225 219 0.00215
225 226 0.0086
225 77 0.37204
225 224 0.01505
225 80 0.05161
225 81 0.03656
225 201 0.00215
225 79 0.0086
225 78 0.05161
225 140 0.0043
225 229 0.00215
225 233 0.06237
225 232 0.01935
225 83 0.0043
225 75 0.01075
225 84 0.0086
225 91 0.08602
225 76 0.00215
225 160 0.00215
225 146 0.00215
225 153 0.00215
226 90 0.08817
226 221 0.00215
226 224 0.00215
226 80 0.0043
226 81 0.00215
226 201 0.0172
226 79 0.09892
226 139 0.00215
226 234 0.0172
226 73 0.0043
226 229 0.0129
226 231 0.00645
226 233 0.0086
226 232 0.00215
226 78 0.0043
226 83 0.0086
226 75 0.00645
226 84 0.0129
226 160 0.00215
226 76 0.00215
224 84 0.11398
224 91 0.02366
224 90 0.00215
224 77 0.04086
224 219 0.00645
224 220 0.00215
224 80 0.00215
224 137 0.0043
224 79 0.07957
224 151 0.00215
224 213 0.00215
224 86 0.00215
224 207 0.00645
224 111 0.0086
224 218 0.00215
224 66 0.00215
224 229 0.03226
224 232 0.02151
224 78 0.00645
224 234 0.01075
224 83 0.27097
224 75 0.0043
224 81 0.00645
224 155 0.0043
224 76 0.0129
224 158 0.0043
224 201 0.04946
224 156 0.00215
224 157 0.0043
107 219 0.00215
107 113 0.00645
107 141 0.00215
107 108 0.02366
107 111 0.01505
107 144 0.0086
107 216 0.00215
107 230 0.00645
107 64 0.00215
107 106 0.06022
107 105 0.00215
107 110 0.59355
107 157 0.0086
141 223 0.00215
141 222 0.0086
141 219 0.0129
141 205 0.03226
141 207 0.0043
141 218 0.00215
141 106 0.0129
141 108 0.00215
141 143 0.02796
140 184 0.0086
140 80 0.00215
140 139 0.07312
140 109 0.0129
140 61 0.0043
140 142 0.0043
140 73 0.00215
140 206 0.0043
140 154 0.00215
140 179 0.01075
140 160 0.0043
140 146 0.00645
140 24 0.00215
140 145 0.00215
140 67 0.0043
86 210 0.02366
86 221 0.01505
86 220 0.0043
86 186 0.03871
86 187 0.02581
86 151 0.0043
86 109 0.00645
86 149 0.00215
86 209 0.0043
86 217 0.01075
86 206 0.00645
86 215 0.00645
86 213 0.0172
86 183 0.02581
86 182 0.0086
86 181 0.0172
86 180 0.0043
86 83 0.00215
86 74 0.00215
86 79 0.00215
86 199 0.13118
86 77 0.0043
86 160 0.0043
86 146 0.0043
86 24 0.00215
86 23 0.00215
86 142 0.00215
2 1 0.03441
2 4 0.15269
2 71 0.0086
2 36 0.01075
2 68 0.02581
2 12 0.02151
2 62 0.03226
2 19 0.00215
2 11 0.01075
2 15 0.0043
2 72 0.01505
2 5 0.0086
2 191 0.02581
2 16 0.02151
2 22 0.01505
2 24 0.00645
2 14 0.00215
2 23 0.02366
2 39 0.00215
87 40 0.0086
87 28 0.00215
87 13 0.07312
87 16 0.00645
87 36 0.0043
87 35 0.08602
87 25 0.00645
87 19 0.01075
87 18 0.0043
87 148 0.01075
4 221 0.00215
4 71 0.01075
4 185 0.0043
4 1 0.15054
4 187 0.00215
4 36 0.01935
4 37 0.00215
4 12 0.03226
4 151 0.0043
4 62 0.04516
4 3 0.00645
4 64 0.00215
4 11 0.00215
4 22 0.03011
4 15 0.08602
4 20 0.05591
4 72 0.01075
4 232 0.00215
4 5 0.01935
4 191 0.0086
4 16 0.12043
4 68 0.02581
4 24 0.0043
4 14 0.0043
4 23 0.0172
4 66 0.00215
4 154 0.00215
4 39 0.0043
4 156 0.00215
3 84 0.00215
3 199 0.0086
3 154 0.00645
3 15 0.00215
3 71 0.04516
3 36 0.00215
3 34 0.01505
3 22 0.04086
3 191 0.00215
3 12 0.0043
3 62 0.02366
3 19 0.00215
3 23 0.00645
3 24 0.03656
3 72 0.00645
3 40 0.00215
3 180 0.01075
3 5 0.0086
3 47 0.0043
3 1 0.06882
3 68 0.04301
3 13 0.0086
3 14 0.0172
3 64 0.0043
3 18 0.00645
70 215 0.00215
70 138 0.01075
70 187 0.00215
70 63 0.04086
70 64 0.03011
70 73 0.01935
70 209 0.00215
70 206 0.00215
70 231 0.00215
70 179 0.00215
70 199 0.00215
70 109 0.4043
70 66 0.11613
70 67 0.00645
137 219 0.04516
137 158 0.03441
137 223 0.00645
137 222 0.05806
137 113 0.00215
137 149 0.00645
137 108 0.02796
137 207 0.0043
137 208 0.0086
137 218 0.16774
137 216 0.02581
137 230 0.0043
137 214 0.0172
137 232 0.00215
137 83 0.01075
137 79 0.01505
137 84 0.00215
137 229 0.01505
137 160 0.00215
137 16 0.0043
137 143 0.00215
138 187 0.00215
138 221 0.00215
138 79 0.0086
138 139 0.00645
138 109 0.00645
138 61 0.00215
138 63 0.0172
138 64 0.06452
138 73 0.00645
138 210 0.00215
138 232 0.0043
138 179 0.00215
138 84 0.00215
138 146 0.0172
138 213 0.00215
138 66 0.00645
138 145 0.0129
138 67 0.01075
139 64 0.01075
139 206 0.01075
139 142 0.01075
139 179 0.00645
139 83 0.00215
139 184 0.00215
139 146 0.00215
139 155 0.00215
139 145 0.01075
139 67 0.0043
71 72 0.00215
71 154 0.00215
71 28 0.0043
71 1 0.09032
71 34 0.01075
71 22 0.04516
71 191 0.03441
71 20 0.0043
71 12 0.0043
71 62 0.01505
71 47 0.00645
71 109 0.00215
71 64 0.00215
71 185 0.00215
71 23 0.00645
71 24 0.00645
71 210 0.00215
71 40 0.01075
71 180 0.0043
71 5 0.0129
71 16 0.00215
71 199 0.00215
71 68 0.02366
71 14 0.0043
71 25 0.00215
71 39 0.00215
71 18 0.0043
36 1 0.0086
36 83 0.00215
36 154 0.00215
36 15 0.03011
36 219 0.00645
36 24 0.05806
36 113 0.00215
36 22 0.00215
36 11 0.00215
36 40 0.0086
36 12 0.10753
36 62 0.0043
36 19 0.01075
36 148 0.00215
36 23 0.00215
36 207 0.00215
36 210 0.00215
36 64 0.00645
36 35 0.31183
36 5 0.00215
36 16 0.05161
36 68 0.01075
36 13 0.0172
36 14 0.03011
36 25 0.0086
36 39 0.0043
36 18 0.01075
37 199 0.01075
37 221 0.0043
37 180 0.0043
37 185 0.53978
37 82 0.0086
37 34 0.05806
37 16 0.00645
37 62 0.09032
37 47 0.10323
37 64 0.02366
37 38 0.01505
37 24 0.00215
37 35 0.00215
37 232 0.00215
37 191 0.00215
37 159 0.00215
37 106 0.0043
37 68 0.00215
37 14 0.00215
37 155 0.0043
37 145 0.00215
37 158 0.00215
37 18 0.00215
34 41 0.01505
34 12 0.0043
34 28 0.0043
34 219 0.00215
34 180 0.07742
34 185 0.02366
34 82 0.02366
34 159 0.0043
34 5 0.0043
34 35 0.0043
34 47 0.12473
34 38 0.02151
34 23 0.00215
34 210 0.0129
34 232 0.00215
34 154 0.00645
34 1 0.00645
34 199 0.02581
34 16 0.0043
34 66 0.00215
34 153 0.00215
34 40 0.0043
34 39 0.00215
34 18 0.0043
35 154 0.00215
35 28 0.00215
35 221 0.0043
35 15 0.0172
35 16 0.02366
35 12 0.01075
35 61 0.00215
35 62 0.00645
35 19 0.14839
35 148 0.02796
35 38 0.00215
35 23 0.0086
35 24 0.07097
35 207 0.0043
35 218 0.00215
35 72 0.00215
35 215 0.01505
35 40 0.00645
35 180 0.01935
35 1 0.0086
35 199 0.00215
35 68 0.0172
35 13 0.15484
35 14 0.0043
35 25 0.0129
35 39 0.00215
35 18 0.0086
38 41 0.17204
38 185 0.05806
38 82 0.0086
38 68 0.00215
38 11 0.00215
38 47 0.03226
38 24 0.00215
38 22 0.00215
38 23 0.00215
38 39 0.0043
38 18 0.00215
159 84 0.0043
159 91 0.00215
159 158 0.04516
159 219 0.0043
159 151 0.0043
159 150 0.01075
159 149 0.03441
159 79 0.16344
159 156 0.01505
159 207 0.00215
159 217 0.00215
159 229 0.01075
159 108 0.00215
159 145 0.00215
159 232 0.11398
159 66 0.00215
159 180 0.00215
159 83 0.00215
159 160 0.00645
159 16 0.00215
159 154 0.02796
159 157 0.00215
78 80 0.03656
78 81 0.0043
78 201 0.01075
78 84 0.00215
78 91 0.00215
78 76 0.00215
78 234 0.00215
78 229 0.01075
78 231 0.00215
78 67 0.00215
78 233 0.16344
78 232 0.00215
66 221 0.0043
66 79 0.0043
66 113 0.00215
66 16 0.00215
66 12 0.0043
66 151 0.00215
66 109 0.04516
66 63 0.0043
66 64 0.00645
66 47 0.0043
66 15 0.0043
66 218 0.0043
66 155 0.0043
66 215 0.04516
66 108 0.00215
66 180 0.00215
66 199 0.0043
66 210 0.01505
66 62 0.01075
66 106 0.00215
66 68 0.00215
66 41 0.00215
66 24 0.00215
66 213 0.00215
66 67 0.0086
66 154 0.0043
66 73 0.01935
79 84 0.43441
79 186 0.0043
79 219 0.0129
79 64 0.00215
79 80 0.0129
79 90 0.01505
79 12 0.00215
79 77 0.0129
79 151 0.0043
79 149 0.0172
79 183 0.00215
79 207 0.00215
79 111 0.00215
79 218 0.00215
79 210 0.00215
79 229 0.06022
79 231 0.03441
79 230 0.0043
79 233 0.00215
79 232 0.16344
79 234 0.00215
79 83 0.0172
79 75 0.00645
79 91 0.04516
79 146 0.0129
79 14 0.00215
79 81 0.0043
79 76 0.00645
79 158 0.0043
79 201 0.03226
79 143 0.00215
182 217 0.00645
182 221 0.01075
182 220 0.01935
182 186 0.0129
182 187 0.07742
182 209 0.01075
182 210 0.0086
182 215 0.00215
182 213 0.04946
182 181 0.0043
182 180 0.02151
182 199 0.01075
182 142 0.0043
182 74 0.02151
182 155 0.00215
182 154 0.00215
182 18 0.00215
207 219 0.03656
207 90 0.28602
207 223 0.0086
207 41 0.0043
207 205 0.0086
207 208 0.00215
207 218 0.46022
207 216 0.02151
207 230 0.00215
207 214 0.00215
207 143 0.09462
207 83 0.15914
207 222 0.04086
207 76 0.0043
207 229 0.04516
207 14 0.00215
207 154 0.00215
207 158 0.0043
207 157 0.00215
20 210 0.00215
20 1 0.0086
20 68 0.0043
20 12 0.00645
20 11 0.00215
20 62 0.0129
20 72 0.0043
20 5 0.00215
20 16 0.00215
20 22 0.00645
20 24 0.00215
20 23 0.00215
20 39 0.00215
20 18 0.00215
208 218 0.0043
208 105 0.00215
208 214 0.17634
208 219 0.00215
208 216 0.01935
208 143 0.03226
209 217 0.03656
209 221 0.03011
209 220 0.01935
209 186 0.02366
209 187 0.10108
209 63 0.0043
209 210 0.03656
209 215 0.00215
209 213 0.07742
209 183 0.0043
209 181 0.00645
209 180 0.0129
209 74 0.01075
209 84 0.00215
209 199 0.0086
209 18 0.00215
72 1 0.0129
72 68 0.04086
72 12 0.0043
72 62 0.00645
72 11 0.0086
72 24 0.00645
72 230 0.00215
72 191 0.01505
72 106 0.00215
72 22 0.06022
72 13 0.04086
72 14 0.04086
72 23 0.03441
72 144 0.00215
72 39 0.00645
72 18 0.00645
229 219 0.0172
229 84 0.04946
229 91 0.01075
229 77 0.0043
229 80 0.0129
229 187 0.00215
229 113 0.13978
229 90 0.0043
229 205 0.00215
229 150 0.00215
229 149 0.0043
229 108 0.00645
229 111 0.0043
229 218 0.0086
229 144 0.00215
229 231 0.0086
229 230 0.0043
229 214 0.00215
229 233 0.0129
229 232 0.09032
229 234 0.01075
229 83 0.11613
229 75 0.00215
229 76 0.0129
229 160 0.00215
229 16 0.00215
229 81 0.04516
229 154 0.11613
229 158 0.0043
229 201 0.01075
229 157 0.0086
231 220 0.00215
231 142 0.00215
231 80 0.0043
231 81 0.0043
231 151 0.0043
231 149 0.00215
231 110 0.00215
231 234 0.04301
231 215 0.00215
231 233 0.00215
231 232 0.00215
231 154 0.00215
231 83 0.0129
231 75 0.00645
231 91 0.00215
231 90 0.00215
231 184 0.00645
231 77 0.01075
231 213 0.00215
231 155 0.00215
231 76 0.0043
231 201 0.01075
231 156 0.00215
231 67 0.00215
230 84 0.0043
230 154 0.01075
230 216 0.00215
230 223 0.0043
230 219 0.01505
230 206 0.0043
230 158 0.0043
230 144 0.05161
230 22 0.00215
230 151 0.01075
230 149 0.0129
230 105 0.04731
230 111 0.04946
230 143 0.0129
230 108 0.02151
230 232 0.00215
230 64 0.00215
230 90 0.0043
230 106 0.23226
230 68 0.00215
230 156 0.03226
230 110 0.0043
230 157 0.06882
233 206 0.00215
233 81 0.00645
233 75 0.00645
233 91 0.00215
233 234 0.01505
233 80 0.01935
233 146 0.00215
233 221 0.0043
233 201 0.01075
233 232 0.00645
232 219 0.0086
232 83 0.02151
232 76 0.0043
232 64 0.00215
232 77 0.00215
232 111 0.00215
232 113 0.0043
232 90 0.00215
232 47 0.00645
232 149 0.0086
232 206 0.0043
232 108 0.0043
232 234 0.06667
232 73 0.00215
232 80 0.00215
232 218 0.00645
232 144 0.00215
232 214 0.00215
232 210 0.00215
232 81 0.0129
232 84 0.07312
232 91 0.02796
232 160 0.00215
232 16 0.00215
232 146 0.00215
232 154 0.00215
232 158 0.00215
232 201 0.03011
232 156 0.00215
28 12 0.00215
28 61 0.00215
28 19 0.00645
28 148 0.00215
28 24 0.00215
28 25 0.02151
28 5 0.0043
28 1 0.00215
28 13 0.0043
28 14 0.00215
28 15 0.00215
28 40 0.01505
28 39 0.00215
28 18 0.02151
108 1 0.00215
108 154 0.00215
108 158 0.03441
108 156 0.00215
108 219 0.06022
108 185 0.00215
108 64 0.0043
108 113 0.02366
108 151 0.00645
108 149 0.04301
108 205 0.00215
108 111 0.10753
108 218 0.00215
108 144 0.05806
108 83 0.00215
108 84 0.0129
108 76 0.00215
108 106 0.0086
108 105 0.0086
108 160 0.00215
108 22 0.00215
108 24 0.00215
108 110 0.00645
108 157 0.04516
5 1 0.04086
5 22 0.0086
5 191 0.05376
5 12 0.01935
5 62 0.0043
5 19 0.00215
5 24 0.00215
5 15 0.00215
5 47 0.00645
5 68 0.0043
5 13 0.00215
5 23 0.01505
5 40 0.00215
83 219 0.0043
83 154 0.00645
83 184 0.0086
83 77 0.02151
83 215 0.00215
83 113 0.01075
83 111 0.00215
83 187 0.00215
83 151 0.00215
83 201 0.03656
83 213 0.00215
83 142 0.00215
83 91 0.02581
83 143 0.0043
83 155 0.00645
83 218 0.05161
83 217 0.00215
83 234 0.03871
83 75 0.0043
83 84 0.22151
83 90 0.06667
83 81 0.00645
83 76 0.0086
83 156 0.00215
83 15 0.00215
19 15 0.04086
19 179 0.00215
19 148 0.16559
19 13 0.0129
19 24 0.00645
19 40 0.1957
19 82 0.00215
19 16 0.00215
19 14 0.00645
19 25 0.02366
84 91 0.00645
84 219 0.05161
84 90 0.00215
84 184 0.00215
84 146 0.00645
84 143 0.0043
84 77 0.0172
84 151 0.00645
84 213 0.00215
84 47 0.0043
84 149 0.01075
84 218 0.0043
84 215 0.0043
84 153 0.00215
84 1 0.0043
84 154 0.0043
84 81 0.00215
84 111 0.00215
84 76 0.01075
84 201 0.02796
84 157 0.01075
16 1 0.00215
16 23 0.00215
16 210 0.00215
16 221 0.0043
16 219 0.0043
16 185 0.01075
16 187 0.00215
16 22 0.0129
16 11 0.00215
16 62 0.07957
16 149 0.0043
16 148 0.00215
16 12 0.01075
16 24 0.03226
16 218 0.00215
16 215 0.0043
16 40 0.00645
16 15 0.29032
16 68 0.01505
16 13 0.01505
16 14 0.04516
16 155 0.00215
16 25 0.00645
16 39 0.0043
16 18 0.0086
146 91 0.00215
146 184 0.05806
146 142 0.0043
146 187 0.00215
146 61 0.01075
146 64 0.00215
146 73 0.0043
146 206 0.04086
146 179 0.02151
146 109 0.0129
146 155 0.0043
146 145 0.0129
146 40 0.00215
13 1 0.00215
13 12 0.00215
13 61 0.00215
13 62 0.02151
13 148 0.0043
13 73 0.00215
13 67 0.00215
13 191 0.00215
13 22 0.00215
13 24 0.0129
13 14 0.03441
13 15 0.0086
13 40 0.00215
13 18 0.01505
13 25 0.00215
14 1 0.0172
14 154 0.00215
14 15 0.0129
14 22 0.07742
14 12 0.00645
14 62 0.00215
14 148 0.0043
14 11 0.0043
14 24 0.24086
14 191 0.00645
14 40 0.00645
14 47 0.00215
14 90 0.00215
14 68 0.11183
14 25 0.0086
14 39 0.0129
14 18 0.05591
15 22 0.0043
15 151 0.00215
15 12 0.00645
15 62 0.01935
15 148 0.0086
15 24 0.0086
15 215 0.00215
15 40 0.02796
15 47 0.00215
15 68 0.0043
15 25 0.0086
15 39 0.00215
15 18 0.02366
67 1 0.00215
67 81 0.00215
67 61 0.10323
67 63 0.10323
67 148 0.00215
67 64 0.19355
67 142 0.00215
67 106 0.00215
67 73 0.0043
67 206 0.01505
67 184 0.00215
67 109 0.08387
144 216 0.00215
144 150 0.0043
144 113 0.00645
144 191 0.00215
144 156 0.00215
144 111 0.14839
144 106 0.02581
144 105 0.04946
144 160 0.02366
144 110 0.00645
144 157 0.04946
145 185 0.00215
145 201 0.00645
145 184 0.01935
145 61 0.0086
145 150 0.0043
145 23 0.0043
145 73 0.01935
145 210 0.00215
145 179 0.02796
145 74 0.00215
145 155 0.01505
40 1 0.0086
40 181 0.00215
40 22 0.01075
40 148 0.07097
40 142 0.00215
40 24 0.00645
40 47 0.00215
40 68 0.0086
40 25 0.03656
40 39 0.00645
40 18 0.02581
39 22 0.0043
39 1 0.02366
39 12 0.0129
39 62 0.00215
39 11 0.00215
39 191 0.00215
39 68 0.02151
39 24 0.0172
39 23 0.00215
39 25 0.0172
39 18 0.00645
142 77 0.0172
142 186 0.00215
142 187 0.00215
142 61 0.00215
142 234 0.0086
142 206 0.0043
142 154 0.00215
142 179 0.0172
142 184 0.06237
142 155 0.06452
142 156 0.00215
143 41 0.0172
143 149 0.00645
143 221 0.00215
143 222 0.0043
143 219 0.01505
143 111 0.00215
143 90 0.01075
143 151 0.00645
143 205 0.01075
143 158 0.0043
143 218 0.07957
143 155 0.00215
143 216 0.21505
143 215 0.0043
143 214 0.04946
143 223 0.06452
143 105 0.00215
143 76 0.01075
143 156 0.0086
143 157 0.0043
1 210 0.00215
1 154 0.00215
1 22 0.11828
1 191 0.03871
1 12 0.07527
1 62 0.02151
1 47 0.0129
1 11 0.0043
1 24 0.01935
1 215 0.00215
1 68 0.05591
1 23 0.0086
1 18 0.02796
199 183 0.0086
199 210 0.14194
199 187 0.0086
199 221 0.0086
199 219 0.0043
199 220 0.02796
199 185 0.0043
199 186 0.00645
199 61 0.00215
199 213 0.03226
199 47 0.06882
199 206 0.00215
199 180 0.12043
199 217 0.0172
199 181 0.07957
199 74 0.0043
199 68 0.0043
199 41 0.00215
199 155 0.00215
199 153 0.00215
199 64 0.02581
18 186 0.00215
18 22 0.03656
18 12 0.00645
18 62 0.0043
18 11 0.0043
18 220 0.00215
18 24 0.11183
18 218 0.00215
18 215 0.00215
18 64 0.0043
18 68 0.05806
18 25 0.0129
90 219 0.0043
90 77 0.01505
90 80 0.0172
90 113 0.01505
90 151 0.0172
90 218 0.29892
90 210 0.00215
90 154 0.0043
90 75 0.01935
90 91 0.00215
90 76 0.0172
90 184 0.00215
90 158 0.00215
90 201 0.00215
90 156 0.00215
90 157 0.0043
223 219 0.29032
223 205 0.0043
223 218 0.01075
223 216 0.0172
223 214 0.00645
223 109 0.00215
223 111 0.00215
221 187 0.06022
221 201 0.00215
221 186 0.06237
221 109 0.00215
221 62 0.00645
221 24 0.0043
221 183 0.05806
221 185 0.0043
221 210 0.00215
221 215 0.02151
221 213 0.04516
221 180 0.01505
221 179 0.00215
221 74 0.00645
221 68 0.00215
222 219 0.02581
222 41 0.0086
222 218 0.00215
222 216 0.02366
222 214 0.04946
222 157 0.00215
219 205 0.01935
219 201 0.17419
219 210 0.00215
219 41 0.00215
219 185 0.00215
219 113 0.00645
219 151 0.06882
219 149 0.00645
219 64 0.0043
219 218 0.04086
219 216 0.01935
219 214 0.01075
219 76 0.00645
219 106 0.0043
219 111 0.0043
219 154 0.00215
219 158 0.00645
219 157 0.12043
41 185 0.01075
41 12 0.00215
41 47 0.01935
41 111 0.00215
41 210 0.0043
41 215 0.03656
41 180 0.00215
220 217 0.06882
220 215 0.01075
220 201 0.0043
220 186 0.01075
220 187 0.02151
220 210 0.0086
220 213 0.01505
220 183 0.00215
220 181 0.00215
220 180 0.02151
220 74 0.24516
220 68 0.00215
220 24 0.0043
185 82 0.08602
185 62 0.02796
185 47 0.06882
185 64 0.02796
185 155 0.00645
185 157 0.0043
82 47 0.01075
80 201 0.0043
80 91 0.00215
80 76 0.00215
80 77 0.53548
81 201 0.02366
81 234 0.01935
81 75 0.03656
81 91 0.00215
81 155 0.00215
81 76 0.0086
186 217 0.00645
186 187 0.0129
186 234 0.00215
186 210 0.01075
186 215 0.02581
186 213 0.02151
186 183 0.0086
186 154 0.00215
186 181 0.00215
186 180 0.01505
186 74 0.0043
186 25 0.00215
186 158 0.00215
187 149 0.00215
187 151 0.0043
187 217 0.01075
187 215 0.0086
187 213 0.01505
187 183 0.01075
187 210 0.01075
187 181 0.0043
187 180 0.0043
187 73 0.0043
187 74 0.00645
187 23 0.0043
113 154 0.12473
113 216 0.0043
113 111 0.0172
113 218 0.01075
113 106 0.0043
113 105 0.02366
113 110 0.00645
113 157 0.0043
91 76 0.00215
91 201 0.02151
91 109 0.00215
91 149 0.0043
91 183 0.00215
91 75 0.00215
91 77 0.04301
91 156 0.00215
22 12 0.0172
22 62 0.01075
22 24 0.08387
22 11 0.0086
22 191 0.0129
22 184 0.00215
22 68 0.20215
22 23 0.00645
22 25 0.0043
12 23 0.17419
12 154 0.00215
12 111 0.00215
12 62 0.01505
12 47 0.00215
12 158 0.00215
12 11 0.0086
12 24 0.00215
12 218 0.00215
12 215 0.0129
12 191 0.05161
12 68 0.02151
12 64 0.00215
11 68 0.02366
11 62 0.0043
11 191 0.0043
11 24 0.0043
11 23 0.0086
191 68 0.03226
191 62 0.03226
191 23 0.05161
151 154 0.07957
151 158 0.0172
151 215 0.00215
151 150 0.00215
151 149 0.03226
151 73 0.00215
151 111 0.04946
151 218 0.0129
151 213 0.0043
151 180 0.0043
151 184 0.00215
151 160 0.14194
151 155 0.00215
151 109 0.00215
151 153 0.08387
151 76 0.00215
151 156 0.00215
151 157 0.04301
61 109 0.10753
61 149 0.00215
61 64 0.13548
61 73 0.00215
61 206 0.00645
61 215 0.00215
61 179 0.01075
61 106 0.00215
61 155 0.00215
61 154 0.00215
62 23 0.0043
62 76 0.00215
62 24 0.00215
62 156 0.00215
62 218 0.00215
62 180 0.00215
62 74 0.00215
62 68 0.01935
62 64 0.02581
62 157 0.00215
150 149 0.0086
150 153 0.0129
150 160 0.0043
150 154 0.01935
150 156 0.00215
149 154 0.04086
149 215 0.00215
149 158 0.18495
149 47 0.00215
149 111 0.0043
149 153 0.0086
149 74 0.00215
149 160 0.01075
149 109 0.00215
149 24 0.00215
149 156 0.05376
149 157 0.00215
148 24 0.00215
148 179 0.0043
148 25 0.01935
64 63 0.03656
64 109 0.02796
64 206 0.0086
64 24 0.0043
64 73 0.03441
64 111 0.00215
64 218 0.00215
64 210 0.01935
64 179 0.00215
64 68 0.00645
64 155 0.01935
64 154 0.00215
64 157 0.00215
205 218 0.03011
205 216 0.0043
47 210 0.07312
47 180 0.03011
47 216 0.00215
47 155 0.00215
47 157 0.00215
206 184 0.00215
206 109 0.01505
206 179 0.09677
206 160 0.0043
206 154 0.00215
23 24 0.00215
23 213 0.00215
23 68 0.03441
111 154 0.04086
111 218 0.0043
111 106 0.02366
111 105 0.14624
111 68 0.00215
111 110 0.0043
111 157 0.04301
218 76 0.00215
218 216 0.02151
218 210 0.00215
218 214 0.0043
218 154 0.0043
218 153 0.00215
218 158 0.0086
218 157 0.0086
217 63 0.00215
217 210 0.02581
217 213 0.00645
217 183 0.00215
217 181 0.00215
217 180 0.03871
217 74 0.0172
216 201 0.0043
216 214 0.01075
215 183 0.00215
215 180 0.00215
215 210 0.00645
215 213 0.0043
215 74 0.00215
215 68 0.00645
215 155 0.00215
215 154 0.00215
214 201 0.0086
214 76 0.00215
213 210 0.0172
213 234 0.00215
213 183 0.16344
213 181 0.0043
213 180 0.01075
213 184 0.00215
213 77 0.00215
213 74 0.00645
183 210 0.00215
183 181 0.00645
183 74 0.00215
183 184 0.00215
234 180 0.00215
234 201 0.01935
234 75 0.0086
234 76 0.0043
234 184 0.01075
234 77 0.0086
234 155 0.0043
210 180 0.04731
210 181 0.0129
210 184 0.00215
210 157 0.00215
154 73 0.00645
154 155 0.00215
154 180 0.0086
154 74 0.00215
154 184 0.0043
154 160 0.01075
154 68 0.00215
154 153 0.0129
154 158 0.03226
154 156 0.0043
181 180 0.37634
181 74 0.00215
180 74 0.01935
180 201 0.00215
179 63 0.0043
179 184 0.00215
179 109 0.0043
179 73 0.00215
179 24 0.00215
179 155 0.0043
73 109 0.00645
73 63 0.00215
73 24 0.00215
74 77 0.00215
74 24 0.00215
75 158 0.00215
75 201 0.00215
75 77 0.0043
75 76 0.03226
76 77 0.00215
76 201 0.04516
76 156 0.03011
184 77 0.04516
184 109 0.00215
184 155 0.06667
77 201 0.00645
77 155 0.00645
106 25 0.0043
106 105 0.01505
106 110 0.04731
106 155 0.00215
106 157 0.23656
105 157 0.03011
105 109 0.00215
105 110 0.0086
160 153 0.19785
160 109 0.00645
160 158 0.00215
160 156 0.0129
160 157 0.00215
68 158 0.00215
68 24 0.07957
68 156 0.00215
68 25 0.00215
109 63 0.00215
24 155 0.00215
24 25 0.02151
24 157 0.00215
110 157 0.00645
155 201 0.0086
155 157 0.00215
153 158 0.05161
153 156 0.01505
158 156 0.00215
156 157 0.01505
