171	189	20
171	169	300
171	165	740
171	132	20
171	224	20
171	220	20
171	164	320
171	163	100
171	125	260
171	161	20
171	162	260
171	137	20
171	166	20
171	79	60
171	34	20
171	152	160
171	151	1220
171	93	20
171	150	60
171	149	120
171	177	60
171	193	20
171	173	300
171	172	180
171	207	20
171	103	20
171	155	20
171	99	80
171	229	60
171	170	60
171	232	20
171	56	20
171	7	20
171	118	20
171	84	40
171	91	60
171	133	20
171	190	20
171	160	100
171	187	40
171	153	60
171	154	460
171	158	160
171	159	180
171	156	80
167	168	60
167	169	40
167	163	20
167	196	20
167	162	20
167	197	180
167	55	20
167	21	20
167	56	120
167	177	20
167	174	120
167	33	80
167	116	100
167	57	280
167	58	60
167	123	60
167	189	460
167	188	100
167	190	240
167	59	420
167	99	40
167	98	40
167	27	80
167	26	20
167	30	20
167	206	40
167	124	20
167	128	140
167	130	140
167	203	20
167	204	140
167	44	40
167	193	2860
167	9	120
167	6	20
167	198	220
167	194	900
167	132	120
167	133	20
167	131	100
167	10	20
167	49	60
167	48	60
167	51	20
167	228	460
167	85	20
167	140	1220
167	1	60
167	136	40
167	135	40
167	137	100
167	139	1020
167	71	100
167	37	40
167	34	20
167	24	20
167	210	40
167	229	20
167	230	20
167	233	20
167	16	20
167	146	60
167	14	40
167	15	20
167	145	140
167	40	20
167	17	40
167	142	260
167	199	20
167	221	100
167	219	20
167	185	40
167	114	20
167	22	20
167	12	40
167	60	40
167	62	20
167	149	40
167	115	40
167	64	340
167	155	60
167	215	60
167	180	20
167	179	520
167	178	60
167	76	20
167	184	20
167	69	120
167	68	40
167	108	20
167	66	60
167	65	20
167	159	60
167	157	20
168	169	20
168	131	20
168	227	20
168	228	40
168	226	40
168	126	20
168	128	80
168	136	20
168	130	600
168	187	20
168	139	40
168	193	140
168	64	100
168	142	60
168	140	40
168	162	20
168	174	60
168	73	180
168	210	20
168	229	20
168	206	1520
168	232	20
168	56	40
168	57	20
168	89	20
168	179	140
168	178	20
168	198	60
168	59	20
168	121	200
168	132	40
168	188	880
168	184	120
168	190	20
168	146	300
168	123	20
168	155	60
168	145	60
168	197	80
168	156	20
168	67	20
169	72	20
169	170	340
169	26	20
169	163	120
169	220	20
169	164	300
169	140	20
169	125	180
169	192	20
169	161	60
169	162	320
169	159	180
169	187	20
169	114	60
169	152	420
169	151	880
169	150	160
169	149	460
169	102	60
169	177	420
169	193	20
169	173	240
169	172	120
169	175	340
169	131	20
169	217	40
169	230	20
169	232	20
169	56	40
169	83	40
169	178	20
169	122	20
169	158	160
169	6	20
169	184	20
169	142	20
169	160	560
169	68	20
169	24	20
169	66	20
169	153	80
169	154	1500
169	17	40
169	165	40
169	156	160
169	67	20
170	79	60
170	236	20
170	60	20
170	163	180
170	221	20
170	164	900
170	126	20
170	86	20
170	195	20
170	161	60
170	162	920
170	136	20
170	81	20
170	137	280
170	165	120
170	113	20
170	114	840
170	34	20
170	112	20
170	152	1680
170	173	340
170	151	280
170	104	640
170	134	20
170	150	60
170	149	1220
170	115	140
170	102	40
170	64	20
170	78	20
170	177	60
170	193	20
170	200	20
170	172	120
170	125	1460
170	174	40
170	175	180
170	103	120
170	111	60
170	209	20
170	217	20
170	229	40
170	143	20
170	230	40
170	68	20
170	98	60
170	232	20
170	116	60
170	57	140
170	118	20
170	56	20
170	121	20
170	122	20
170	59	20
170	75	20
170	132	20
170	90	20
170	131	20
170	142	20
170	160	220
170	16	40
170	109	20
170	108	620
170	15	20
170	99	60
170	153	60
170	154	180
170	158	860
170	159	2300
170	156	420
170	157	20
53	41	300
53	26	20
53	29	20
53	222	40
53	219	40
53	185	540
53	52	160
53	196	60
53	82	100
53	46	260
53	135	340
53	129	20
53	54	1460
53	55	540
53	36	20
53	37	400
53	34	240
53	21	20
53	11	20
53	93	180
53	19	20
53	38	280
53	176	120
53	207	80
53	7	20
53	119	160
53	47	440
53	49	900
53	48	80
53	51	160
53	50	660
163	235	60
163	225	20
163	164	1700
163	86	60
163	161	300
163	162	700
163	136	20
163	165	180
163	55	20
163	12	80
163	44	20
163	151	440
163	150	120
163	149	40
163	177	60
163	152	300
163	160	60
163	173	60
163	172	20
163	125	660
163	175	80
163	73	20
163	229	40
163	215	20
163	78	20
163	7	40
163	180	20
163	179	20
163	158	220
163	132	40
163	69	20
163	111	40
163	153	160
163	154	120
163	117	40
163	159	260
163	156	840
163	67	20
52	41	40
52	185	180
52	196	2760
52	82	20
52	37	180
52	135	20
52	54	120
52	55	80
52	45	100
52	46	120
52	34	480
52	38	560
52	93	140
52	47	260
52	176	740
52	119	1260
52	16	20
52	49	220
52	48	80
52	200	60
52	51	1100
52	50	120
195	189	120
195	217	220
195	33	20
195	221	60
195	220	140
195	85	540
195	193	20
195	86	20
195	192	100
195	194	40
195	186	100
195	187	320
195	204	60
195	43	20
195	19	20
195	177	40
195	175	40
195	73	20
195	209	580
195	210	180
195	229	20
195	215	20
195	213	140
195	183	40
195	182	160
195	57	20
195	181	20
195	180	140
195	74	60
195	199	40
195	160	20
195	24	20
195	154	20
195	65	20
161	235	20
161	225	20
161	125	60
161	162	200
161	130	60
161	165	140
161	55	80
161	152	20
161	103	20
161	104	120
161	150	60
161	149	40
161	177	160
161	126	20
161	173	140
161	172	20
161	175	180
161	151	80
161	160	360
161	153	540
161	154	80
161	158	860
161	159	20
161	156	180
162	165	140
162	228	460
162	221	60
162	204	20
162	219	40
162	85	40
162	125	220
162	81	20
162	201	20
162	79	40
162	55	20
162	112	200
162	152	100
162	151	120
162	62	20
162	150	80
162	149	420
162	102	20
162	164	1300
162	177	840
162	173	240
162	172	80
162	174	500
162	234	20
162	67	20
162	111	20
162	224	440
162	210	20
162	118	40
162	230	20
162	98	80
162	233	20
162	88	20
162	83	40
162	74	20
162	84	680
162	132	120
162	133	20
162	184	40
162	190	20
162	160	60
162	49	20
162	108	120
162	135	20
162	99	220
162	153	80
162	154	100
162	158	1860
162	159	40
162	156	240
162	157	40
197	84	40
197	83	20
197	132	360
197	90	20
197	130	40
197	228	3460
197	219	20
197	85	40
197	140	20
197	128	140
197	135	40
197	70	20
197	79	480
197	139	80
197	188	600
197	164	20
197	114	60
197	112	40
197	21	20
197	152	20
197	151	20
197	104	20
197	109	20
197	115	740
197	102	20
197	56	40
197	177	20
197	142	120
197	193	200
197	172	20
197	174	440
197	73	20
197	224	60
197	155	240
197	206	120
197	35	20
197	98	20
197	232	940
197	116	20
197	7	20
197	57	60
197	58	60
197	180	20
197	179	160
197	178	660
197	198	60
197	158	20
197	203	420
197	121	80
197	189	40
197	133	120
197	131	560
197	190	180
197	74	20
197	69	20
197	107	20
197	146	100
197	200	40
197	122	40
197	145	300
197	76	40
197	17	20
197	159	660
197	201	120
197	67	80
166	235	1680
166	227	100
166	202	20
166	203	20
166	54	40
166	113	460
166	114	240
166	112	40
166	104	40
166	101	20
166	115	80
166	144	280
166	216	20
166	230	40
166	122	20
166	94	120
166	105	220
166	107	280
166	108	1160
166	110	480
166	99	100
166	98	800
166	97	580
166	96	1140
166	95	520
166	157	920
165	30	20
165	164	120
165	125	300
165	81	40
165	130	20
165	12	20
165	44	20
165	151	520
165	150	40
165	149	40
165	177	60
165	152	120
165	173	560
165	172	80
165	175	180
165	231	20
165	47	20
165	160	180
165	14	20
165	134	20
165	153	60
165	154	40
165	158	40
165	159	60
165	156	120
54	202	20
54	235	20
54	55	80
54	37	60
54	185	180
54	196	280
54	82	200
54	1	40
54	3	20
54	129	20
54	71	40
54	45	60
54	46	720
54	34	540
54	112	20
54	21	20
54	38	660
54	93	260
54	50	60
54	47	740
54	120	20
54	108	20
54	141	20
54	176	140
54	41	20
54	8	20
54	119	640
54	5	20
54	68	20
54	49	180
54	48	560
54	144	20
54	40	40
54	17	20
54	51	200
54	157	20
55	41	120
55	235	20
55	185	100
55	37	100
55	119	280
55	82	40
55	135	1480
55	79	20
55	113	40
55	46	140
55	34	260
55	38	180
55	151	60
55	104	180
55	47	60
55	115	40
55	64	80
55	56	600
55	193	20
55	176	200
55	93	300
55	33	20
55	108	20
55	45	60
55	196	180
55	116	360
55	9	20
55	57	160
55	180	40
55	122	40
55	59	300
55	199	40
55	10	120
55	69	120
55	68	20
55	49	820
55	48	420
55	200	20
55	155	20
55	158	20
55	51	120
55	50	40
164	23	20
164	132	40
164	219	60
164	229	20
164	228	60
164	221	80
164	224	20
164	125	140
164	192	20
164	196	40
164	4	20
164	200	40
164	204	100
164	113	20
164	37	20
164	34	60
164	112	20
164	42	40
164	152	720
164	151	100
164	104	80
164	149	100
164	115	480
164	102	80
164	182	20
164	177	40
164	193	20
164	173	220
164	172	560
164	175	80
164	114	40
164	111	1280
164	209	40
164	218	20
164	66	20
164	33	20
164	215	20
164	230	20
164	153	40
164	117	20
164	154	360
164	180	80
164	83	20
164	6	20
164	122	760
164	128	340
164	189	80
164	76	20
164	190	160
164	160	80
164	146	20
164	3	40
164	99	300
164	98	160
164	86	20
164	158	60
164	159	580
164	156	520
164	157	60
112	1	20
112	84	20
112	154	340
112	149	680
112	235	4860
112	227	120
112	228	80
112	221	20
112	30	20
112	224	20
112	143	60
112	113	200
112	125	40
112	111	620
112	4	40
112	219	1160
112	203	40
112	144	520
112	36	20
112	114	800
112	152	20
112	151	1440
112	104	280
112	92	20
112	101	60
112	158	380
112	115	40
112	102	1980
112	172	100
112	108	320
112	175	60
112	207	60
112	103	140
112	31	20
112	218	80
112	72	20
112	7	80
112	230	200
112	61	20
112	232	40
112	116	20
112	117	20
112	57	20
112	118	40
112	94	40
112	128	60
112	131	20
112	190	20
112	106	80
112	105	500
112	160	20
112	107	1460
112	109	80
112	147	20
112	110	400
112	99	4440
112	98	140
112	97	120
112	96	440
112	95	1460
112	157	700
21	28	20
21	193	20
21	196	40
21	87	100
21	3	80
21	71	40
21	36	240
21	46	80
21	34	60
21	16	180
21	42	400
21	44	380
21	60	20
21	146	20
21	62	20
21	19	100
21	13	280
21	148	140
21	24	720
21	85	20
21	100	80
21	73	40
21	31	20
21	32	260
21	33	220
21	213	20
21	116	20
21	40	1280
21	67	20
21	119	20
21	5	60
21	8	20
21	1	60
21	69	20
21	22	40
21	49	20
21	48	20
21	14	720
21	15	180
21	66	40
21	25	20
21	17	140
21	18	40
21	65	20
103	84	60
103	235	200
103	212	20
103	26	40
103	227	260
103	228	20
103	224	20
103	107	60
103	143	840
103	125	980
103	124	60
103	97	120
103	194	40
103	219	420
103	203	80
103	113	440
103	114	240
103	34	20
103	152	20
103	60	60
103	104	780
103	94	1060
103	115	260
103	102	1320
103	56	40
103	110	200
103	96	180
103	90	20
103	173	920
103	172	120
103	24	20
103	207	80
103	151	40
103	111	160
103	218	280
103	66	40
103	229	20
103	108	900
103	230	200
103	232	200
103	116	60
103	117	20
103	57	60
103	6	60
103	122	40
103	47	20
103	16	60
103	132	120
103	133	580
103	106	360
103	22	20
103	147	20
103	101	560
103	99	400
103	144	600
103	98	180
103	154	60
103	158	20
103	159	80
103	95	40
103	157	820
104	95	200
104	235	300
104	227	560
104	219	20
104	107	100
104	141	40
104	125	40
104	97	1280
104	128	40
104	135	20
104	79	20
104	113	580
104	114	420
104	200	40
104	61	20
104	62	20
104	101	580
104	149	60
104	115	480
104	102	400
104	47	20
104	96	200
104	90	20
104	173	60
104	172	160
104	196	40
104	151	100
104	143	20
104	224	60
104	111	1100
104	229	40
104	88	20
104	215	20
104	230	860
104	98	1160
104	232	20
104	57	20
104	118	600
104	119	20
104	122	40
104	94	3000
104	203	20
104	84	20
104	199	20
104	133	20
104	190	40
104	106	600
104	105	800
104	160	20
104	16	20
104	109	20
104	108	280
104	110	120
104	59	20
104	144	280
104	99	160
104	154	20
104	158	20
104	159	20
104	156	20
104	157	340
101	202	40
101	235	420
101	223	20
101	227	280
101	141	20
101	46	20
101	50	80
101	113	540
101	114	160
101	94	700
101	115	280
101	102	260
101	111	960
101	99	280
101	216	20
101	230	60
101	97	220
101	118	20
101	122	20
101	188	80
101	106	40
101	105	220
101	107	60
101	108	100
101	110	40
101	144	240
101	98	20
101	157	180
101	96	300
101	142	20
101	95	180
101	143	20
102	84	140
102	132	220
102	95	1260
102	235	60
102	223	20
102	131	20
102	227	540
102	228	20
102	3	20
102	30	20
102	190	200
102	219	100
102	113	60
102	125	40
102	124	60
102	196	60
102	97	60
102	136	20
102	224	40
102	137	20
102	202	20
102	79	300
102	36	20
102	114	180
102	34	40
102	60	20
102	149	40
102	115	740
102	64	20
102	203	20
102	6	20
102	96	160
102	90	20
102	173	340
102	172	20
102	176	20
102	175	20
102	174	20
102	207	60
102	143	200
102	218	60
102	111	500
102	229	60
102	215	40
102	230	280
102	98	180
102	232	400
102	56	20
102	234	20
102	7	20
102	57	40
102	58	20
102	180	60
102	83	20
102	73	20
102	122	280
102	94	500
102	128	120
102	199	40
102	133	120
102	72	20
102	10	40
102	106	160
102	105	80
102	107	1480
102	49	20
102	108	220
102	110	900
102	200	60
102	144	320
102	99	340
102	154	280
102	158	60
102	159	380
102	156	20
102	157	300
56	193	100
56	194	20
56	177	20
56	60	400
56	31	20
56	33	40
56	58	80
56	116	100
56	57	180
56	118	20
56	119	100
56	121	1100
56	59	420
56	188	140
56	190	200
56	115	20
56	123	100
56	99	20
56	27	20
56	26	20
56	29	20
56	30	320
56	126	320
56	128	20
56	203	20
56	204	40
56	42	40
56	44	20
56	5	20
56	6	20
56	198	80
56	134	80
56	199	20
56	133	20
56	10	20
56	136	620
56	135	60
56	51	20
56	227	20
56	228	60
56	225	20
56	85	20
56	140	20
56	1	40
56	4	300
56	3	20
56	70	100
56	71	40
56	36	20
56	37	20
56	34	20
56	35	20
56	234	20
56	73	1080
56	210	60
56	83	20
56	16	80
56	146	20
56	147	20
56	15	20
56	145	20
56	143	20
56	154	60
56	219	60
56	185	40
56	22	20
56	12	40
56	152	120
56	151	60
56	61	40
56	63	80
56	148	20
56	64	340
56	218	20
56	155	1100
56	215	20
56	183	40
56	25	20
56	180	20
56	179	60
56	184	60
56	69	2080
56	68	20
56	109	100
56	24	20
56	66	1020
56	65	300
56	158	20
56	67	20
177	138	20
177	27	20
177	1	20
177	221	20
177	71	20
177	220	20
177	85	40
177	125	40
177	192	40
177	2	20
177	135	60
177	186	40
177	204	20
177	152	240
177	60	20
177	134	40
177	150	20
177	149	120
177	64	20
177	183	20
177	193	40
177	173	220
177	172	20
177	175	940
177	151	60
177	215	20
177	121	20
177	213	40
177	9	20
177	57	20
177	180	20
177	73	20
177	198	60
177	59	20
177	203	20
177	87	40
177	199	20
177	128	20
177	184	20
177	142	20
177	160	860
177	68	20
177	24	20
177	194	20
177	99	20
177	153	380
177	154	40
177	158	380
177	159	80
177	156	160
152	23	20
152	132	20
152	221	20
152	71	20
152	85	60
152	125	3800
152	192	20
152	136	20
152	159	1180
152	186	20
152	204	40
152	199	40
152	20	20
152	151	200
152	150	40
152	149	240
152	64	20
152	116	40
152	173	160
152	172	140
152	175	160
152	210	20
152	229	40
152	215	20
152	233	20
152	180	20
152	179	40
152	121	20
152	59	20
152	203	20
152	189	20
152	131	20
152	10	20
152	69	20
152	160	100
152	16	20
152	134	20
152	153	240
152	154	360
152	158	300
152	142	20
152	156	280
152	67	20
173	229	20
173	26	20
173	29	20
173	228	20
173	30	20
173	219	40
173	125	120
173	124	680
173	136	20
173	135	20
173	114	180
173	12	20
173	151	880
173	62	20
173	150	20
173	149	180
173	115	640
173	117	100
173	193	20
173	172	40
173	175	80
173	218	20
173	99	80
173	33	20
173	230	100
173	98	280
173	7	20
173	143	1600
173	73	20
173	122	20
173	79	20
173	128	80
173	91	20
173	133	660
173	131	20
173	69	40
173	160	200
173	22	20
173	41	20
173	147	100
173	200	20
173	155	20
173	153	20
173	154	40
173	158	140
173	159	100
173	156	1660
173	157	40
114	138	20
114	154	320
114	149	1640
114	235	260
114	211	60
114	64	40
114	227	520
114	228	20
114	223	20
114	224	20
114	185	20
114	125	40
114	196	60
114	105	960
114	136	40
114	200	20
114	137	160
114	203	20
114	144	920
114	113	100
114	34	20
114	90	20
114	151	120
114	69	20
114	158	1520
114	115	900
114	66	20
114	79	40
114	206	20
114	172	40
114	108	800
114	156	160
114	111	1280
114	155	20
114	229	40
114	230	4220
114	116	20
114	9	20
114	117	40
114	143	80
114	118	60
114	180	40
114	83	20
114	122	40
114	94	340
114	210	20
114	84	20
114	132	20
114	133	20
114	190	20
114	106	460
114	198	80
114	160	20
114	107	200
114	49	40
114	147	40
114	110	20
114	99	340
114	98	620
114	97	460
114	96	240
114	159	20
114	95	300
114	157	900
172	235	160
172	228	40
172	125	320
172	135	20
172	137	40
172	113	180
172	12	20
172	149	60
172	203	100
172	174	40
172	207	20
172	151	60
172	229	60
172	230	40
172	232	20
172	143	120
172	118	20
172	83	20
172	122	40
172	84	40
172	132	20
172	159	340
172	160	80
172	200	280
172	99	20
172	153	120
172	154	60
172	158	200
172	130	40
172	156	20
172	157	20
176	41	40
176	27	20
176	26	1020
176	64	60
176	30	20
176	204	20
176	37	100
176	185	220
176	196	500
176	82	40
176	1	40
176	135	120
176	36	20
176	46	300
176	34	640
176	38	500
176	60	20
176	93	220
176	47	680
176	108	20
176	31	40
176	190	20
176	210	80
176	33	20
176	45	40
176	180	840
176	7	20
176	119	920
176	6	60
176	122	20
176	84	60
176	199	260
176	10	700
176	69	20
176	49	220
176	48	80
176	200	40
176	66	40
176	50	160
176	17	20
176	51	240
176	157	20
175	26	40
175	219	20
175	85	20
175	125	160
175	137	20
175	138	20
175	60	20
175	109	340
175	61	140
175	62	20
175	150	20
175	149	140
175	140	20
175	174	20
175	151	340
175	206	20
175	213	20
175	7	20
175	57	180
175	58	40
175	64	20
175	83	20
175	132	20
175	131	40
175	160	880
175	146	20
175	48	20
175	23	20
175	67	100
175	153	1440
175	154	80
175	158	180
175	159	40
175	156	180
175	65	20
174	84	140
174	83	80
174	132	2760
174	65	40
174	131	720
174	228	720
174	219	20
174	140	260
174	135	20
174	201	20
174	79	40
174	139	20
174	113	80
174	133	120
174	12	20
174	193	100
174	147	20
174	60	20
174	61	40
174	213	20
174	149	20
174	115	40
174	203	40
174	142	80
174	206	980
174	108	60
174	207	20
174	67	20
174	111	20
174	224	180
174	66	20
174	229	60
174	118	20
174	230	20
174	145	220
174	232	20
174	116	20
174	234	20
174	117	40
174	57	40
174	58	220
174	64	180
174	179	120
174	6	20
174	122	60
174	123	40
174	128	780
174	199	20
174	188	80
174	184	100
174	190	640
174	198	20
174	146	60
174	48	20
174	100	20
174	155	100
174	178	360
174	154	40
174	158	40
174	130	120
174	156	20
174	157	40
60	157	20
60	193	40
60	194	20
60	19	20
60	116	1500
60	57	160
60	58	200
60	119	80
60	121	100
60	122	40
60	47	40
60	189	40
60	190	60
60	123	100
60	99	20
60	98	20
60	59	560
60	235	20
60	30	40
60	126	160
60	125	20
60	200	40
60	130	20
60	204	20
60	42	20
60	44	60
60	146	20
60	94	20
60	9	20
60	7	500
60	134	420
60	132	40
60	131	20
60	10	40
60	136	1080
60	51	40
60	85	20
60	4	40
60	3	20
60	70	1020
60	138	60
60	36	20
60	37	20
60	207	20
60	73	980
60	210	80
60	229	40
60	230	40
60	232	20
60	83	20
60	79	20
60	41	160
60	14	20
60	145	120
60	143	20
60	199	40
60	185	40
60	186	20
60	187	20
60	113	40
60	61	20
60	62	60
60	64	260
60	218	40
60	155	20
60	215	620
60	154	20
60	180	40
60	74	20
60	69	100
60	68	20
60	109	260
60	108	20
60	66	5640
60	65	300
60	159	20
60	67	160
31	17	1220
31	132	20
31	22	20
31	28	60
31	27	120
31	26	200
31	221	20
31	30	60
31	71	20
31	143	20
31	193	20
31	196	20
31	1	60
31	135	40
31	204	20
31	36	2380
31	12	2240
31	44	180
31	20	20
31	42	220
31	62	60
31	19	120
31	13	320
31	24	160
31	100	120
31	32	60
31	72	20
31	33	80
31	35	700
31	215	40
31	68	40
31	180	60
31	9	120
31	7	40
31	57	20
31	118	20
31	119	20
31	6	100
31	194	20
31	87	100
31	199	20
31	10	160
31	69	20
31	16	260
31	49	60
31	48	40
31	14	120
31	15	360
31	155	20
31	40	80
31	39	20
31	18	60
31	51	20
31	25	40
32	72	40
32	28	60
32	30	560
32	87	320
32	4	20
32	3	220
32	187	20
32	71	20
32	36	40
32	35	120
32	42	400
32	44	200
32	62	40
32	19	260
32	13	260
32	148	320
32	48	20
32	15	20
32	217	40
32	33	280
32	25	780
32	74	20
32	17	380
32	132	20
32	188	20
32	184	20
32	159	20
32	160	20
32	68	40
32	24	80
32	14	220
32	100	360
32	40	320
32	39	80
32	18	40
178	133	20
178	184	60
178	228	40
178	85	20
178	193	40
178	128	20
178	130	40
178	61	20
178	140	260
178	210	20
178	206	120
178	142	20
178	58	140
178	179	60
178	198	60
178	132	220
178	188	980
178	131	20
178	190	40
178	160	20
178	145	20
178	65	20
178	201	20
33	17	360
33	59	20
33	154	20
33	133	20
33	28	120
33	27	1040
33	29	120
33	30	60
33	71	1180
33	219	20
33	193	40
33	24	380
33	196	20
33	2	40
33	87	60
33	4	20
33	3	380
33	130	20
33	134	20
33	36	180
33	190	40
33	68	140
33	12	20
33	44	1720
33	151	20
33	42	1380
33	62	80
33	149	20
33	148	20
33	64	40
33	122	20
33	66	40
33	15	20
33	100	220
33	72	100
33	13	20
33	9	120
33	7	20
33	57	60
33	180	20
33	6	60
33	198	20
33	191	20
33	8	20
33	1	1100
33	199	20
33	188	20
33	184	40
33	10	100
33	74	20
33	16	820
33	49	80
33	48	40
33	14	800
33	23	20
33	155	40
33	40	140
33	39	240
33	18	1380
33	25	280
58	116	680
58	132	860
58	130	20
58	228	20
58	131	60
58	219	20
58	85	40
58	126	180
58	136	180
58	138	120
58	79	20
58	36	40
58	61	80
58	183	40
58	193	20
58	234	20
58	73	20
58	123	140
58	206	40
58	231	20
58	140	1100
58	57	2460
58	181	20
58	64	440
58	179	40
58	121	180
58	134	160
58	199	20
58	188	20
58	184	40
58	190	20
58	69	720
58	109	1780
58	59	540
58	67	320
58	66	160
58	145	120
58	40	20
58	17	20
58	70	140
58	65	260
116	193	100
116	196	20
116	194	60
116	19	40
116	57	4720
116	121	1360
116	122	20
116	59	1300
116	190	40
116	123	280
116	68	20
116	27	80
116	26	80
116	29	20
116	30	60
116	126	120
116	125	20
116	203	40
116	204	80
116	44	40
116	47	20
116	85	40
116	9	100
116	7	40
116	134	80
116	132	20
116	131	560
116	10	20
116	136	140
116	49	20
116	48	20
116	51	20
116	211	20
116	141	20
116	140	20
116	1	40
116	4	60
116	135	340
116	70	80
116	138	120
116	37	60
116	34	20
116	35	40
116	24	20
116	73	80
116	210	20
116	230	20
116	232	20
116	84	20
116	16	20
116	146	40
116	144	20
116	145	80
116	17	20
116	18	20
116	199	20
116	221	20
116	185	100
116	79	20
116	113	60
116	12	20
116	61	320
116	62	60
116	63	20
116	64	360
116	155	1000
116	215	20
116	154	20
116	180	20
116	179	20
116	69	1400
116	22	20
116	109	160
116	108	40
116	66	720
116	65	160
116	158	20
116	67	1360
117	129	340
117	90	20
117	235	40
117	212	840
117	211	40
117	222	160
117	219	240
117	107	60
117	141	20
117	125	1360
117	200	40
117	201	20
117	137	140
117	202	1960
117	79	20
117	92	140
117	115	20
117	205	20
117	207	160
117	111	40
117	218	4960
117	155	20
117	216	140
117	143	920
117	230	20
117	214	80
117	57	20
117	118	240
117	180	20
117	120	460
117	122	100
117	132	20
117	76	1180
117	131	80
117	190	20
117	229	20
117	16	40
117	147	4380
117	223	40
117	99	60
117	154	20
117	96	20
117	156	480
117	157	100
57	193	120
57	192	20
57	194	40
57	118	20
57	121	40
57	122	20
57	59	180
57	190	20
57	123	200
57	99	20
57	96	20
57	27	40
57	26	40
57	29	40
57	30	40
57	126	240
57	130	100
57	204	40
57	43	20
57	44	20
57	13	20
57	9	100
57	7	60
57	6	40
57	134	60
57	87	20
57	132	20
57	133	40
57	131	720
57	136	80
57	49	40
57	3	20
57	228	40
57	1	20
57	4	60
57	135	260
57	70	160
57	138	20
57	71	20
57	35	20
57	24	40
57	83	20
57	146	40
57	147	20
57	14	20
57	15	20
57	145	100
57	18	40
57	221	20
57	61	2820
57	62	40
57	63	60
57	149	40
57	115	20
57	64	380
57	206	60
57	155	120
57	215	40
57	214	20
57	213	20
57	65	80
57	179	160
57	184	20
57	69	360
57	109	1840
57	108	60
57	67	640
57	66	240
57	154	20
57	25	20
118	229	100
118	129	100
118	235	20
118	212	1640
118	211	40
118	222	40
118	219	660
118	127	1060
118	113	20
118	125	40
118	124	40
118	224	60
118	137	280
118	202	20
118	79	80
118	36	20
118	151	20
118	92	140
118	149	140
118	115	40
118	64	20
118	205	20
118	200	300
118	108	60
118	135	20
118	207	440
118	203	220
118	208	160
118	218	100
118	111	40
118	216	360
118	7	20
118	143	480
118	230	1260
118	214	200
118	83	100
118	6	20
118	122	160
118	128	40
118	133	20
118	131	20
118	190	40
118	84	300
118	160	20
118	49	60
118	147	340
118	141	40
118	15	20
118	223	40
118	98	1540
118	154	20
118	158	20
118	95	20
118	157	80
119	93	180
119	26	20
119	37	220
119	185	240
119	125	40
119	196	560
119	82	40
119	1	20
119	135	100
119	36	20
119	46	140
119	34	680
119	42	20
119	38	1360
119	47	2140
119	64	200
119	200	460
119	218	20
119	210	800
119	215	20
119	45	120
119	232	80
119	9	20
119	180	20
119	59	500
119	84	20
119	199	460
119	10	520
119	69	80
119	155	40
119	49	200
119	48	40
119	41	60
119	3	20
119	66	40
119	145	20
119	154	20
119	51	1340
119	50	480
120	129	300
120	212	160
120	211	100
120	222	400
120	219	320
120	127	240
120	124	40
120	200	3020
120	137	60
120	202	20
120	113	20
120	37	20
120	34	20
120	92	360
120	141	220
120	205	100
120	207	2700
120	208	20
120	218	640
120	216	320
120	214	120
120	122	220
120	41	20
120	147	80
120	223	100
120	143	460
121	59	320
121	236	20
121	26	20
121	130	20
121	228	40
121	221	40
121	85	20
121	126	40
121	128	60
121	136	920
121	70	180
121	138	120
121	79	20
121	133	20
121	61	860
121	63	80
121	149	20
121	148	20
121	64	1320
121	193	20
121	100	20
121	234	20
121	73	660
121	179	20
121	5	40
121	201	20
121	198	100
121	123	140
121	188	440
121	190	120
121	69	840
121	109	80
121	134	280
121	66	20
121	145	40
121	65	20
121	226	60
121	156	20
121	67	3120
122	196	20
122	194	40
122	151	20
122	190	1580
122	98	40
122	235	40
122	30	40
122	205	860
122	125	60
122	124	140
122	128	400
122	200	420
122	129	160
122	202	20
122	203	800
122	204	20
122	92	200
122	94	20
122	7	40
122	6	20
122	90	20
122	131	60
122	48	20
122	211	240
122	228	20
122	224	60
122	141	360
122	4	60
122	3	20
122	137	300
122	34	20
122	207	160
122	208	80
122	210	20
122	229	440
122	230	40
122	232	540
122	83	40
122	84	260
122	147	100
122	14	20
122	143	2540
122	133	120
122	223	40
122	221	40
122	222	280
122	219	240
122	79	720
122	107	20
122	149	20
122	115	20
122	127	20
122	218	40
122	111	1840
122	216	220
122	214	200
122	180	20
122	68	20
122	108	20
122	66	20
122	154	100
122	158	60
122	159	60
122	157	20
59	84	60
59	27	100
59	130	40
59	228	20
59	226	40
59	30	20
59	71	20
59	219	60
59	215	20
59	180	80
59	126	20
59	196	20
59	1	20
59	80	20
59	135	760
59	70	440
59	138	280
59	187	20
59	34	20
59	35	20
59	42	20
59	61	180
59	63	920
59	66	160
59	64	3900
59	193	400
59	24	20
59	47	60
59	73	200
59	210	160
59	181	20
59	231	20
59	230	20
59	140	20
59	10	160
59	9	20
59	179	60
59	123	60
59	128	100
59	199	340
59	133	100
59	184	20
59	190	160
59	229	20
59	136	440
59	69	840
59	109	1860
59	48	20
59	134	1200
59	155	520
59	98	20
59	65	100
59	159	20
59	67	1700
189	217	180
189	27	20
189	221	3620
189	30	60
189	220	160
189	85	220
189	185	160
189	86	220
189	192	220
189	194	520
189	200	20
189	186	320
189	187	260
189	204	4300
189	37	200
189	16	40
189	43	260
189	151	20
189	93	20
189	62	100
189	149	40
189	24	20
189	66	80
189	193	500
189	209	60
189	210	640
189	206	20
189	215	80
189	183	100
189	9	60
189	7	260
189	181	160
189	180	1700
189	83	60
189	74	140
189	199	360
189	184	20
189	190	20
189	198	20
189	69	20
189	22	20
189	49	60
189	48	280
189	3	20
189	99	120
189	142	20
189	51	100
188	227	40
188	226	60
188	126	20
188	128	40
188	136	60
188	130	140
188	187	20
188	139	100
188	193	1100
188	206	100
188	73	180
188	98	20
188	213	20
188	142	100
188	179	20
188	74	20
188	123	20
188	132	240
188	133	120
188	184	60
188	190	60
188	198	140
188	69	20
188	146	120
188	134	20
188	155	40
188	145	60
188	154	40
190	193	300
190	196	40
190	123	60
190	99	80
190	27	20
190	206	340
190	125	40
190	124	20
190	128	2260
190	200	20
190	130	220
190	203	20
190	204	20
190	44	20
190	9	40
190	7	80
190	198	180
190	199	20
190	133	1840
190	131	180
190	48	60
190	228	240
190	225	20
190	224	20
190	85	40
190	140	100
190	136	100
190	70	120
190	137	20
190	139	60
190	36	20
190	34	40
190	73	20
190	229	160
190	230	60
190	232	240
190	83	20
190	84	120
190	146	260
190	147	20
190	145	80
190	142	60
190	143	20
190	132	120
190	90	20
190	219	60
190	79	140
190	151	40
190	61	20
190	63	40
190	115	20
190	64	120
190	218	60
190	155	240
190	154	20
190	180	20
190	179	1140
190	184	220
190	69	60
190	109	20
190	111	660
190	65	20
190	159	200
190	156	20
69	84	20
69	12	20
69	65	60
69	18	20
69	79	20
69	26	20
69	211	20
69	228	20
69	221	20
69	30	20
69	10	20
69	224	200
69	77	80
69	180	20
69	85	20
69	86	20
69	230	20
69	109	340
69	142	160
69	136	400
69	200	240
69	138	80
69	203	20
69	36	20
69	34	20
69	35	20
69	42	40
69	179	60
69	151	60
69	146	60
69	61	80
69	3	20
69	148	20
69	24	20
69	66	200
69	126	100
69	16	20
69	135	440
69	156	100
69	234	20
69	73	520
69	108	40
69	218	20
69	210	40
69	206	20
69	215	60
69	70	80
69	232	20
69	9	20
69	7	20
69	83	80
69	198	100
69	6	20
69	184	20
69	22	40
69	193	40
69	48	80
69	123	20
69	67	340
69	155	1940
69	64	200
69	130	80
69	51	20
69	157	20
115	154	100
115	235	180
115	216	60
115	211	20
115	227	520
115	223	20
115	219	20
115	127	100
115	193	20
115	128	40
115	135	20
115	203	840
115	109	20
115	66	40
115	79	1460
115	159	1640
115	108	940
115	111	160
115	218	40
115	144	1240
115	229	20
115	230	280
115	232	880
115	94	340
115	84	20
115	132	20
115	133	40
115	131	20
115	106	180
115	105	140
115	107	120
115	49	20
115	156	220
115	110	140
115	99	220
115	98	860
115	97	200
115	96	6000
115	130	20
115	95	120
115	157	300
100	154	40
100	17	120
100	30	20
100	71	20
100	87	160
100	3	20
100	204	20
100	36	80
100	35	140
100	42	460
100	44	60
100	151	20
100	93	100
100	19	100
100	148	300
100	13	660
100	15	20
100	232	20
100	9	20
100	25	160
100	134	40
100	16	100
100	10	20
100	68	40
100	49	20
100	24	80
100	14	140
100	191	360
100	144	20
100	40	40
100	39	40
100	18	120
100	67	20
99	235	1420
99	216	40
99	66	20
99	131	20
99	227	520
99	221	100
99	30	20
99	219	860
99	141	20
99	113	460
99	97	680
99	200	40
99	79	80
99	204	80
99	36	20
99	44	20
99	151	760
99	134	20
99	149	20
99	96	160
99	90	20
99	108	120
99	207	20
99	111	880
99	229	20
99	143	80
99	230	80
99	232	60
99	67	20
99	83	20
99	74	20
99	94	80
99	203	40
99	128	100
99	133	100
99	184	20
99	106	140
99	105	80
99	160	80
99	107	280
99	147	20
99	110	160
99	15	20
99	144	580
99	98	420
99	154	20
99	158	40
99	159	180
99	95	480
99	157	1500
98	84	120
98	76	20
98	95	80
98	235	2240
98	212	20
98	26	20
98	211	20
98	227	140
98	228	40
98	219	460
98	185	20
98	125	20
98	93	20
98	97	100
98	4	20
98	200	20
98	137	20
98	202	20
98	79	20
98	136	60
98	113	120
98	109	20
98	151	40
98	63	20
98	149	80
98	203	40
98	66	20
98	96	3980
98	206	20
98	111	120
98	224	40
98	144	920
98	216	180
98	143	40
98	230	2380
98	68	20
98	94	80
98	64	20
98	128	20
98	91	20
98	106	220
98	198	40
98	160	60
98	107	60
98	105	60
98	108	120
98	110	40
98	154	20
98	158	160
98	159	80
98	156	260
98	157	160
97	235	20
97	227	560
97	196	20
97	202	20
97	113	180
97	92	20
97	94	20
97	111	2000
97	216	20
97	230	220
97	106	60
97	105	440
97	107	540
97	108	180
97	110	120
97	144	980
97	96	120
97	95	320
97	157	600
96	143	80
96	235	1280
96	212	20
96	223	20
96	227	560
96	200	20
96	137	20
96	202	20
96	113	200
96	46	20
96	111	180
96	216	20
96	230	120
96	94	160
96	106	120
96	105	840
96	107	60
96	109	20
96	108	920
96	110	60
96	144	1420
96	95	460
96	157	420
95	235	260
95	227	520
95	37	20
95	113	840
95	94	260
95	111	300
95	230	140
95	106	60
95	105	400
95	107	3720
95	108	480
95	110	460
95	144	400
95	157	60
235	154	120
235	227	120
235	228	20
235	219	1260
235	141	20
235	135	40
235	113	80
235	46	20
235	42	20
235	151	2380
235	92	20
235	149	120
235	111	280
235	218	80
235	143	60
235	230	120
235	196	20
235	9	40
235	94	240
235	158	80
235	224	40
235	90	40
235	106	160
235	105	340
235	107	340
235	109	80
235	108	320
235	110	700
235	144	140
235	159	40
235	157	1020
27	183	20
27	199	40
27	17	40
27	26	100
27	29	40
27	221	20
27	30	20
27	71	920
27	185	20
27	2	100
27	1	320
27	4	160
27	3	100
27	204	20
27	36	20
27	68	740
27	12	40
27	11	20
27	191	300
27	20	60
27	42	40
27	62	280
27	24	340
27	44	400
27	193	60
27	15	40
27	218	20
27	72	320
27	35	40
27	215	40
27	10	140
27	9	180
27	7	20
27	180	60
27	5	600
27	6	160
27	8	200
27	16	80
27	22	600
27	49	460
27	48	20
27	14	360
27	23	180
27	66	40
27	25	40
27	39	20
27	18	420
236	225	20
236	226	240
236	80	20
236	81	20
236	201	40
236	79	80
236	90	60
236	92	300
236	234	20
236	229	20
236	231	360
236	232	300
236	88	20
236	83	20
236	89	380
236	75	1100
236	84	60
236	91	40
236	76	800
236	77	40
236	142	20
236	67	20
26	84	20
26	143	60
26	29	120
26	221	20
26	30	680
26	219	20
26	38	40
26	3	120
26	193	20
26	125	60
26	15	40
26	196	20
26	2	40
26	1	140
26	4	320
26	135	20
26	137	20
26	71	80
26	36	240
26	22	220
26	12	540
26	11	20
26	20	40
26	151	20
26	41	20
26	62	260
26	19	1200
26	13	20
26	24	20
26	6	2360
26	44	40
26	16	20
26	207	20
26	208	20
26	35	240
26	215	160
26	9	280
26	7	860
26	5	20
26	191	100
26	8	20
26	194	100
26	10	2300
26	160	20
26	68	200
26	49	160
26	48	120
26	14	20
26	23	720
26	66	20
26	40	100
26	18	20
26	73	20
26	67	20
29	221	20
29	30	100
29	126	20
29	2	140
29	1	120
29	4	20
29	3	20
29	71	1580
29	36	60
29	22	120
29	12	120
29	11	820
29	20	100
29	62	100
29	44	20
29	8	80
29	72	120
29	35	20
29	9	260
29	7	20
29	82	20
29	6	80
29	191	60
29	10	480
29	68	360
29	24	60
29	14	60
29	23	80
29	17	20
29	145	20
29	39	540
29	18	100
123	130	80
123	228	80
123	85	20
123	126	180
123	142	20
123	136	100
123	70	140
123	138	360
123	139	40
123	204	20
123	113	20
123	43	80
123	109	140
123	61	180
123	64	160
123	193	60
123	73	80
123	66	120
123	206	60
123	231	20
123	108	20
123	92	20
123	179	60
123	198	20
123	132	40
123	131	40
123	146	20
123	24	20
123	134	60
123	144	20
123	145	480
123	65	140
123	201	140
123	67	160
30	132	20
30	66	20
30	71	100
30	219	80
30	185	20
30	125	20
30	15	320
30	196	20
30	2	20
30	1	80
30	4	3900
30	3	100
30	137	20
30	204	60
30	36	80
30	37	60
30	22	60
30	12	440
30	11	20
30	191	260
30	62	2660
30	19	40
30	149	20
30	47	20
30	44	40
30	193	40
30	23	180
30	135	40
30	72	520
30	46	20
30	13	1000
30	232	20
30	9	760
30	7	120
30	5	40
30	6	480
30	8	60
30	16	280
30	133	20
30	10	120
30	68	40
30	41	20
30	48	40
30	153	20
30	17	40
30	18	20
30	156	20
30	143	20
127	129	140
127	212	60
127	211	40
127	222	280
127	219	120
127	141	660
127	124	40
127	200	60
127	137	40
127	202	40
127	203	80
127	92	140
127	205	60
127	207	120
127	208	1780
127	218	20
127	216	100
127	214	60
127	106	60
127	107	160
127	147	140
127	223	40
127	143	140
126	183	20
126	224	20
126	85	20
126	140	20
126	86	20
126	136	120
126	70	40
126	138	60
126	79	20
126	139	20
126	20	20
126	61	40
126	134	1560
126	63	20
126	64	120
126	206	60
126	23	20
126	66	100
126	7	20
126	179	20
126	132	20
126	184	20
126	109	120
126	24	20
126	67	1400
126	155	20
126	145	100
126	154	20
126	158	20
126	130	40
126	73	280
126	65	640
125	84	60
125	228	60
125	226	20
125	219	60
125	86	100
125	80	40
125	224	40
125	130	20
125	137	20
125	139	20
125	113	140
125	34	20
125	12	20
125	151	40
125	62	20
125	150	100
125	149	320
125	203	40
125	22	40
125	108	160
125	207	80
125	218	140
125	210	40
125	143	240
125	230	60
125	153	180
125	232	80
125	16	80
125	154	540
125	6	60
125	194	20
125	128	20
125	199	20
125	133	40
125	4	20
125	160	140
125	68	20
125	41	40
125	147	420
125	15	20
125	76	760
125	158	140
125	159	700
125	156	500
125	157	520
124	137	20
124	79	120
124	212	20
124	222	80
124	219	40
124	128	20
124	200	40
124	129	80
124	202	60
124	203	60
124	113	20
124	92	80
124	149	20
124	207	40
124	208	40
124	224	240
124	216	60
124	214	60
124	9	20
124	83	60
124	84	100
124	229	80
124	49	20
124	147	20
124	143	460
128	84	140
128	203	40
128	185	20
128	133	1480
128	130	240
128	228	240
128	226	20
128	10	20
128	224	20
128	140	40
128	136	40
128	200	20
128	137	40
128	138	460
128	79	120
128	139	80
128	151	20
128	62	20
128	63	20
128	3	20
128	193	40
128	159	180
128	207	40
128	73	100
128	111	540
128	218	40
128	155	300
128	229	80
128	206	60
128	230	20
128	232	280
128	7	20
128	65	200
128	179	80
128	132	100
128	131	180
128	198	120
128	15	20
128	67	20
128	64	140
128	70	160
128	156	20
128	143	20
200	129	200
200	83	1100
200	91	40
200	50	60
200	212	140
200	227	60
200	228	40
200	204	20
200	219	420
200	41	40
200	158	20
200	216	180
200	224	40
200	137	40
200	202	160
200	79	60
200	113	280
200	90	600
200	159	20
200	147	60
200	92	360
200	94	20
200	205	160
200	207	920
200	203	1700
200	218	800
200	210	80
200	229	1180
200	230	40
200	214	60
200	232	240
200	143	140
200	47	160
200	222	60
200	84	240
200	133	20
200	131	160
200	106	40
200	16	20
200	49	20
200	48	100
200	141	60
200	154	760
200	201	580
200	156	20
200	157	20
130	133	620
130	229	20
130	131	580
130	228	180
130	85	20
130	136	100
130	139	40
130	109	20
130	61	40
130	134	60
130	64	60
130	142	260
130	193	200
130	86	40
130	73	20
130	217	20
130	206	1760
130	140	20
130	179	900
130	198	860
130	132	20
130	184	340
130	146	2140
130	194	20
130	155	40
130	145	100
130	70	60
130	156	20
130	67	80
129	212	200
129	211	480
129	222	500
129	219	400
129	137	120
129	202	40
129	203	1800
129	92	480
129	205	600
129	207	320
129	218	80
129	216	3080
129	214	100
129	77	20
129	41	20
129	147	600
129	223	60
129	143	120
202	137	100
202	141	20
202	212	20
202	211	40
202	222	60
202	219	120
202	196	20
202	203	60
202	37	20
202	205	20
202	207	20
202	208	20
202	218	420
202	111	20
202	216	140
202	214	20
202	105	40
202	147	60
202	223	20
202	157	80
203	137	180
203	90	20
203	212	100
203	211	1040
203	132	40
203	221	20
203	223	20
203	222	40
203	219	260
203	193	40
203	88	20
203	4	20
203	79	2020
203	151	20
203	92	160
203	205	40
203	94	20
203	232	960
203	208	200
203	216	220
203	35	20
203	214	440
203	10	20
203	143	100
203	84	40
203	199	40
203	133	20
203	229	120
203	49	20
203	147	160
203	64	20
203	159	800
203	156	40
203	157	20
204	84	20
204	183	180
204	199	820
204	210	1340
204	79	20
204	66	60
204	228	20
204	221	3020
204	10	40
204	224	20
204	85	80
204	185	60
204	86	240
204	192	480
204	4	20
204	186	20
204	187	280
204	71	60
204	37	80
204	22	40
204	43	120
204	109	20
204	62	80
204	150	20
204	149	20
204	24	20
204	193	140
204	15	20
204	135	20
204	209	120
204	217	20
204	215	120
204	213	20
204	9	40
204	7	480
204	181	80
204	180	200
204	83	20
204	16	20
204	184	20
204	160	20
204	68	60
204	49	180
204	48	420
204	194	340
204	154	20
204	142	20
204	51	120
45	185	740
45	82	60
45	37	2600
45	135	40
45	219	20
45	46	40
45	34	100
45	49	200
45	48	40
45	38	160
45	93	40
45	50	300
45	62	20
45	47	160
45	51	840
45	196	140
46	41	80
46	227	20
46	71	60
46	185	360
46	196	1120
46	82	160
46	1	80
46	135	100
46	37	240
46	34	840
46	42	20
46	38	360
46	93	280
46	50	80
46	62	20
46	108	20
46	9	20
46	40	40
46	5	20
46	6	20
46	47	1240
46	105	20
46	49	120
46	48	540
46	14	20
46	3	40
46	39	20
46	157	20
46	51	40
46	36	20
42	16	100
42	37	20
42	196	60
42	87	40
42	135	40
42	71	500
42	36	840
42	34	40
42	35	40
42	12	40
42	44	240
42	191	20
42	62	40
42	3	620
42	148	60
42	64	40
42	9	100
42	15	40
42	24	200
42	20	20
42	72	60
42	13	1040
42	180	60
42	28	100
42	25	20
42	5	40
42	17	120
42	1	320
42	199	140
42	22	60
42	49	20
42	48	40
42	14	360
42	155	20
42	40	240
42	39	20
42	18	120
43	199	60
43	217	20
43	221	100
43	220	120
43	85	140
43	185	20
43	86	40
43	192	80
43	194	40
43	4	40
43	186	40
43	187	60
43	12	20
43	93	60
43	150	40
43	209	120
43	210	40
43	215	120
43	213	20
43	183	80
43	182	20
43	181	20
43	180	120
43	74	20
43	198	20
43	191	80
43	144	100
43	145	120
43	17	20
44	1	80
44	72	20
44	154	20
44	79	80
44	28	20
44	228	20
44	221	20
44	220	20
44	15	80
44	2	60
44	87	60
44	4	80
44	135	20
44	186	40
44	71	180
44	36	60
44	37	20
44	34	40
44	22	280
44	11	60
44	12	60
44	62	20
44	19	40
44	3	40
44	64	40
44	66	20
44	193	40
44	209	20
44	218	20
44	217	20
44	35	40
44	13	120
44	7	20
44	179	20
44	6	120
44	17	480
44	8	80
44	16	1340
44	199	20
44	68	280
44	49	540
44	24	980
44	14	1100
44	23	20
44	40	60
44	39	440
44	18	2400
44	25	480
93	37	620
93	185	660
93	196	400
93	82	80
93	194	20
93	4	20
93	135	240
93	34	280
93	16	20
93	38	780
93	191	40
93	41	40
93	92	20
93	62	20
93	150	100
93	210	20
93	47	300
93	68	20
93	49	1040
93	48	180
93	144	20
93	17	20
93	51	420
93	50	420
92	234	20
92	79	20
92	212	100
92	211	180
92	225	20
92	226	460
92	222	120
92	219	280
92	201	20
92	137	140
92	62	20
92	108	40
92	141	120
92	90	160
92	207	120
92	208	140
92	205	60
92	218	120
92	111	20
92	216	280
92	214	280
92	9	20
92	89	900
92	75	20
92	84	20
92	91	20
92	76	40
92	68	20
92	147	160
92	191	20
92	223	300
92	143	140
94	227	1040
94	193	20
94	137	20
94	113	120
94	208	20
94	111	60
94	230	120
94	143	20
94	106	120
94	105	220
94	107	120
94	108	40
94	110	20
94	144	60
94	157	900
147	137	40
147	199	20
147	219	240
147	76	1660
147	212	340
147	211	60
147	225	20
147	223	40
147	10	20
147	224	20
147	216	40
147	113	20
147	34	20
147	35	20
147	77	20
147	151	40
147	205	100
147	141	160
147	90	20
147	207	220
147	208	2260
147	218	220
147	144	20
147	229	40
147	214	1940
147	232	60
147	180	20
147	222	80
147	132	40
147	133	20
147	131	20
147	107	100
147	49	20
147	108	20
147	14	20
147	3	20
147	154	20
147	156	840
147	143	1100
85	183	60
85	138	20
85	210	60
85	154	40
85	221	100
85	224	20
85	215	1040
85	220	100
85	86	20
85	192	80
85	2	20
85	80	20
85	81	20
85	186	40
85	187	20
85	151	40
85	63	20
85	193	20
85	209	40
85	217	20
85	181	80
85	231	20
85	140	20
85	233	20
85	213	60
85	182	20
85	8	20
85	199	80
85	74	200
85	1	20
85	24	20
85	134	20
85	67	40
85	40	20
85	156	20
85	65	20
193	196	20
193	194	240
193	151	20
193	160	40
193	206	60
193	9	40
193	7	20
193	198	60
193	132	1180
193	133	60
193	131	160
193	49	20
193	48	80
193	51	20
193	228	100
193	140	40
193	1	60
193	3	20
193	70	20
193	137	20
193	138	20
193	139	20
193	71	100
193	207	20
193	232	20
193	146	1040
193	145	80
193	40	40
193	17	20
193	142	80
193	221	160
193	219	20
193	187	20
193	61	20
193	62	20
193	64	160
193	66	40
193	215	20
193	213	20
193	180	20
193	179	440
193	184	220
193	109	20
193	24	20
193	155	220
193	25	20
193	159	20
193	156	20
192	91	40
192	221	220
192	220	120
192	86	340
192	194	20
192	186	160
192	187	260
192	20	20
192	149	20
192	182	40
192	73	20
192	209	360
192	217	2880
192	215	20
192	213	20
192	183	160
192	210	100
192	180	160
192	74	60
192	199	180
192	198	20
192	109	20
192	24	20
192	40	20
192	17	20
192	159	20
192	67	20
196	41	220
196	72	20
196	64	20
196	221	40
196	71	80
196	82	140
196	37	100
196	4	60
196	135	40
196	34	2320
196	16	20
196	38	540
196	50	200
196	232	20
196	47	660
196	3	80
196	9	20
196	185	200
196	35	400
196	230	20
196	180	1720
196	28	40
196	7	60
196	154	60
196	5	120
196	1	180
196	199	220
196	131	20
196	68	20
196	49	480
196	48	820
196	23	20
196	17	20
196	51	620
196	36	140
9	199	20
9	221	40
9	20	140
9	2	380
9	37	220
9	4	1000
9	3	80
9	187	20
9	36	60
9	22	140
9	11	20
9	191	720
9	151	20
9	12	140
9	62	9300
9	64	60
9	232	20
9	185	140
9	6	600
9	23	60
9	24	80
9	7	40
9	218	20
9	35	180
9	230	20
9	10	260
9	16	600
9	180	20
9	108	20
9	5	80
9	73	20
9	8	60
9	1	320
9	133	20
9	71	740
9	68	100
9	49	80
9	13	100
9	14	20
9	155	20
9	18	20
9	51	100
9	15	920
7	48	1020
7	23	1660
7	199	20
7	228	20
7	221	340
7	10	100
7	155	40
7	185	60
7	158	80
7	111	40
7	2	260
7	4	140
7	135	60
7	36	20
7	34	20
7	22	80
7	12	1080
7	11	40
7	191	60
7	151	20
7	41	500
7	62	100
7	150	20
7	24	20
7	207	20
7	20	20
7	218	20
7	72	40
7	215	2480
7	230	20
7	35	200
7	213	20
7	180	20
7	5	80
7	6	760
7	47	20
7	16	120
7	1	60
7	229	20
7	71	120
7	160	20
7	68	120
7	49	880
7	13	60
7	8	40
7	194	20
7	66	140
7	39	20
7	18	80
7	51	100
8	2	20
8	1	140
8	4	40
8	3	60
8	71	140
8	36	20
8	37	20
8	22	860
8	12	40
8	20	20
8	61	20
8	62	60
8	17	160
8	11	20
8	72	300
8	5	140
8	6	80
8	191	320
8	10	160
8	68	1820
8	24	120
8	14	60
8	23	140
8	66	20
8	39	40
8	18	40
8	67	20
88	90	20
88	226	40
88	225	60
88	221	20
88	224	120
88	81	4300
88	201	180
88	151	20
88	234	440
88	229	40
88	233	20
88	232	80
88	83	120
88	179	20
88	79	20
88	75	1100
88	76	20
88	134	40
89	78	60
89	75	500
89	80	20
89	81	20
89	201	200
89	84	540
89	231	80
89	79	40
89	76	280
89	234	40
89	90	1080
89	134	40
89	229	120
89	226	40
89	77	60
6	83	20
6	154	20
6	22	260
6	228	20
6	221	60
6	37	20
6	185	40
6	24	40
6	2	760
6	194	600
6	4	1120
6	135	20
6	187	40
6	71	20
6	36	20
6	16	480
6	12	320
6	62	580
6	3	40
6	23	120
6	20	880
6	143	20
6	72	120
6	35	20
6	215	80
6	108	20
6	232	60
6	180	40
6	5	300
6	17	20
6	191	420
6	1	80
6	132	20
6	10	620
6	160	20
6	68	360
6	49	160
6	48	40
6	14	60
6	66	40
6	67	20
6	39	20
6	18	40
6	51	40
6	15	900
198	132	60
198	63	40
198	133	180
198	91	40
198	228	80
198	131	920
198	77	20
198	136	620
198	139	160
198	213	20
198	19	20
198	149	20
198	148	40
198	64	20
198	140	120
198	73	40
198	206	440
198	215	20
198	230	100
198	145	180
198	232	20
198	182	20
198	142	240
198	179	320
198	184	180
198	146	80
198	24	20
198	155	20
198	40	20
198	158	20
198	156	20
134	23	20
134	28	20
134	66	40
134	228	20
134	215	20
134	187	40
134	136	1780
134	81	20
134	138	320
134	139	20
134	179	20
134	61	320
134	109	340
134	64	1820
134	206	20
134	73	100
134	217	20
134	231	20
134	213	40
134	180	20
134	106	20
134	76	20
134	160	20
134	16	20
134	146	20
134	67	1700
134	145	20
134	154	20
134	158	20
134	70	80
134	65	100
194	183	340
194	199	560
194	210	40
194	221	440
194	219	20
194	220	200
194	135	20
194	186	120
194	187	40
194	37	60
194	34	20
194	16	100
194	185	100
194	86	1080
194	209	80
194	218	20
194	217	20
194	229	20
194	215	20
194	213	20
194	181	280
194	180	260
194	131	40
194	22	40
194	49	20
194	15	40
194	51	20
132	48	20
132	83	40
132	185	20
132	184	60
132	228	800
132	84	600
132	219	20
132	145	200
132	224	540
132	137	20
132	187	20
132	133	80
132	159	20
132	151	40
132	61	20
132	149	20
132	66	40
132	24	20
132	108	20
132	218	20
132	111	80
132	229	60
132	206	120
132	230	20
132	140	1620
132	64	60
132	179	60
132	199	20
132	131	620
132	76	20
132	146	20
132	135	20
132	67	60
132	155	60
132	154	60
132	17	20
132	65	20
133	84	80
133	199	40
133	79	100
133	229	100
133	228	40
133	219	20
133	4	20
133	138	20
133	139	20
133	62	20
133	142	100
133	140	20
133	73	140
133	155	180
133	224	20
133	206	20
133	70	260
133	232	180
133	179	140
133	184	2380
133	146	80
133	81	20
133	145	100
133	64	280
133	156	100
133	143	180
131	84	80
131	218	180
131	228	1260
131	219	60
131	143	40
131	86	40
131	137	20
131	139	400
131	151	60
131	109	200
131	61	160
131	149	20
131	206	120
131	140	120
131	159	20
131	224	20
131	155	100
131	229	120
131	70	20
131	232	40
131	83	20
131	179	580
131	76	40
131	184	20
131	146	220
131	145	140
131	154	860
131	158	60
131	157	40
10	84	140
10	16	20
10	72	40
10	154	20
10	2	160
10	4	680
10	135	40
10	36	20
10	22	360
10	12	300
10	17	20
10	191	40
10	64	140
10	62	100
10	47	40
10	3	100
10	24	100
10	20	60
10	210	440
10	40	20
10	180	20
10	5	60
10	1	240
10	199	260
10	159	20
10	71	520
10	68	240
10	49	20
10	48	40
10	14	20
10	23	120
10	66	20
10	25	60
10	39	40
10	18	140
136	63	20
136	228	20
136	4	20
136	138	180
136	151	20
136	61	80
136	19	20
136	215	20
136	145	20
136	109	240
136	13	20
136	67	60
136	66	40
136	64	160
136	70	280
136	73	860
136	65	80
49	1	180
49	48	1260
49	12	140
49	143	320
49	51	680
49	221	60
49	219	40
49	37	640
49	111	40
49	82	160
49	4	40
49	137	20
49	34	360
49	22	20
49	50	440
49	62	40
49	47	480
49	3	20
49	38	840
49	185	600
49	16	20
49	135	180
49	207	60
49	218	20
49	210	40
49	35	40
49	215	1040
49	230	100
49	24	20
49	180	160
49	222	60
49	84	20
49	71	60
49	68	60
49	41	1100
49	15	20
49	154	40
49	18	120
49	156	120
49	36	20
48	36	60
48	12	20
48	154	20
48	221	260
48	37	180
48	180	140
48	82	220
48	1	40
48	34	380
48	35	120
48	38	160
48	159	20
48	232	20
48	19	20
48	64	20
48	47	340
48	14	20
48	185	300
48	23	20
48	207	20
48	218	40
48	210	100
48	215	900
48	40	20
48	199	60
48	84	100
48	71	20
48	16	20
48	41	40
48	135	60
48	155	40
48	50	1240
48	18	20
48	51	40
48	157	20
135	199	80
135	210	40
135	221	20
135	219	20
135	37	660
135	185	3060
135	111	60
135	82	220
135	4	60
135	3	20
135	34	140
135	113	20
135	151	20
135	47	300
135	64	200
135	155	220
135	38	180
135	207	20
135	41	60
135	35	20
135	180	20
135	16	240
135	83	20
135	68	40
135	14	20
135	66	40
135	51	80
135	50	80
17	1	20
17	28	80
17	228	20
17	15	40
17	2	60
17	87	1340
17	4	20
17	159	20
17	187	40
17	71	40
17	36	200
17	72	120
17	35	240
17	20	40
17	19	880
17	149	20
17	148	40
17	142	20
17	140	20
17	24	1040
17	217	40
17	206	20
17	40	660
17	182	20
17	179	20
17	5	20
17	74	20
17	16	240
17	184	40
17	68	140
17	13	60
17	14	660
17	25	280
17	39	60
17	18	480
51	199	80
51	221	180
51	37	2260
51	82	140
51	34	840
51	12	20
51	38	180
51	62	60
51	47	180
51	64	120
51	185	2400
51	41	80
51	215	20
51	180	100
51	155	60
51	40	20
51	159	60
51	50	260
50	41	40
50	185	540
50	82	360
50	37	300
50	34	160
50	38	160
50	47	260
65	228	20
65	226	20
65	140	20
65	70	120
65	138	900
65	35	20
65	109	220
65	61	160
65	63	440
65	148	20
65	64	160
65	73	80
65	229	20
65	232	40
65	184	20
65	146	100
65	66	440
65	145	20
65	40	20
65	67	100
212	137	20
212	211	280
212	219	3000
212	205	20
212	141	60
212	207	80
212	208	20
212	218	20
212	216	40
212	214	120
212	107	100
212	109	40
212	110	60
212	223	80
212	143	120
211	223	180
211	222	20
211	219	440
211	63	20
211	141	2500
211	205	180
211	108	20
211	207	60
211	218	480
211	216	120
211	230	40
211	214	20
211	66	20
211	64	40
211	143	140
227	90	20
227	219	20
227	141	20
227	113	140
227	37	20
227	208	20
227	111	460
227	216	20
227	230	700
227	106	1220
227	105	1620
227	107	40
227	108	240
227	110	60
227	144	340
227	157	2320
228	84	1140
228	83	60
228	76	20
228	90	40
228	184	60
228	221	20
228	224	800
228	201	160
228	137	20
228	158	20
228	139	2200
228	159	20
228	149	40
228	66	20
228	142	80
228	140	860
228	67	20
228	111	20
228	218	20
228	229	80
228	206	60
228	215	20
228	35	20
228	145	320
228	232	20
228	180	20
228	179	120
228	146	40
228	108	20
228	153	20
228	155	220
228	154	60
228	143	20
225	219	20
225	226	80
225	77	3460
225	224	140
225	80	480
225	81	340
225	201	20
225	79	80
225	78	480
225	140	40
225	229	20
225	233	580
225	232	180
225	83	40
225	75	100
225	84	80
225	91	800
225	76	20
225	160	20
225	146	20
225	153	20
226	90	820
226	221	20
226	224	20
226	80	40
226	81	20
226	201	160
226	79	920
226	139	20
226	234	160
226	73	40
226	229	120
226	231	60
226	233	80
226	232	20
226	78	40
226	83	80
226	75	60
226	84	120
226	160	20
226	76	20
224	84	1060
224	91	220
224	90	20
224	77	380
224	219	60
224	220	20
224	80	20
224	137	40
224	79	740
224	151	20
224	213	20
224	86	20
224	207	60
224	111	80
224	218	20
224	66	20
224	229	300
224	232	200
224	78	60
224	234	100
224	83	2520
224	75	40
224	81	60
224	155	40
224	76	120
224	158	40
224	201	460
224	156	20
224	157	40
107	219	20
107	113	60
107	141	20
107	108	220
107	111	140
107	144	80
107	216	20
107	230	60
107	64	20
107	106	560
107	105	20
107	110	5520
107	157	80
141	223	20
141	222	80
141	219	120
141	205	300
141	207	40
141	218	20
141	106	120
141	108	20
141	143	260
140	184	80
140	80	20
140	139	680
140	109	120
140	61	40
140	142	40
140	73	20
140	206	40
140	154	20
140	179	100
140	160	40
140	146	60
140	24	20
140	145	20
140	67	40
86	210	220
86	221	140
86	220	40
86	186	360
86	187	240
86	151	40
86	109	60
86	149	20
86	209	40
86	217	100
86	206	60
86	215	60
86	213	160
86	183	240
86	182	80
86	181	160
86	180	40
86	83	20
86	74	20
86	79	20
86	199	1220
86	77	40
86	160	40
86	146	40
86	24	20
86	23	20
86	142	20
2	1	320
2	4	1420
2	71	80
2	36	100
2	68	240
2	12	200
2	62	300
2	19	20
2	11	100
2	15	40
2	72	140
2	5	80
2	191	240
2	16	200
2	22	140
2	24	60
2	14	20
2	23	220
2	39	20
87	40	80
87	28	20
87	13	680
87	16	60
87	36	40
87	35	800
87	25	60
87	19	100
87	18	40
87	148	100
4	221	20
4	71	100
4	185	40
4	1	1400
4	187	20
4	36	180
4	37	20
4	12	300
4	151	40
4	62	420
4	3	60
4	64	20
4	11	20
4	22	280
4	15	800
4	20	520
4	72	100
4	232	20
4	5	180
4	191	80
4	16	1120
4	68	240
4	24	40
4	14	40
4	23	160
4	66	20
4	154	20
4	39	40
4	156	20
3	84	20
3	199	80
3	154	60
3	15	20
3	71	420
3	36	20
3	34	140
3	22	380
3	191	20
3	12	40
3	62	220
3	19	20
3	23	60
3	24	340
3	72	60
3	40	20
3	180	100
3	5	80
3	47	40
3	1	640
3	68	400
3	13	80
3	14	160
3	64	40
3	18	60
70	215	20
70	138	100
70	187	20
70	63	380
70	64	280
70	73	180
70	209	20
70	206	20
70	231	20
70	179	20
70	199	20
70	109	3760
70	66	1080
70	67	60
137	219	420
137	158	320
137	223	60
137	222	540
137	113	20
137	149	60
137	108	260
137	207	40
137	208	80
137	218	1560
137	216	240
137	230	40
137	214	160
137	232	20
137	83	100
137	79	140
137	84	20
137	229	140
137	160	20
137	16	40
137	143	20
138	187	20
138	221	20
138	79	80
138	139	60
138	109	60
138	61	20
138	63	160
138	64	600
138	73	60
138	210	20
138	232	40
138	179	20
138	84	20
138	146	160
138	213	20
138	66	60
138	145	120
138	67	100
139	64	100
139	206	100
139	142	100
139	179	60
139	83	20
139	184	20
139	146	20
139	155	20
139	145	100
139	67	40
71	72	20
71	154	20
71	28	40
71	1	840
71	34	100
71	22	420
71	191	320
71	20	40
71	12	40
71	62	140
71	47	60
71	109	20
71	64	20
71	185	20
71	23	60
71	24	60
71	210	20
71	40	100
71	180	40
71	5	120
71	16	20
71	199	20
71	68	220
71	14	40
71	25	20
71	39	20
71	18	40
36	1	80
36	83	20
36	154	20
36	15	280
36	219	60
36	24	540
36	113	20
36	22	20
36	11	20
36	40	80
36	12	1000
36	62	40
36	19	100
36	148	20
36	23	20
36	207	20
36	210	20
36	64	60
36	35	2900
36	5	20
36	16	480
36	68	100
36	13	160
36	14	280
36	25	80
36	39	40
36	18	100
37	199	100
37	221	40
37	180	40
37	185	5020
37	82	80
37	34	540
37	16	60
37	62	840
37	47	960
37	64	220
37	38	140
37	24	20
37	35	20
37	232	20
37	191	20
37	159	20
37	106	40
37	68	20
37	14	20
37	155	40
37	145	20
37	158	20
37	18	20
34	41	140
34	12	40
34	28	40
34	219	20
34	180	720
34	185	220
34	82	220
34	159	40
34	5	40
34	35	40
34	47	1160
34	38	200
34	23	20
34	210	120
34	232	20
34	154	60
34	1	60
34	199	240
34	16	40
34	66	20
34	153	20
34	40	40
34	39	20
34	18	40
35	154	20
35	28	20
35	221	40
35	15	160
35	16	220
35	12	100
35	61	20
35	62	60
35	19	1380
35	148	260
35	38	20
35	23	80
35	24	660
35	207	40
35	218	20
35	72	20
35	215	140
35	40	60
35	180	180
35	1	80
35	199	20
35	68	160
35	13	1440
35	14	40
35	25	120
35	39	20
35	18	80
38	41	1600
38	185	540
38	82	80
38	68	20
38	11	20
38	47	300
38	24	20
38	22	20
38	23	20
38	39	40
38	18	20
159	84	40
159	91	20
159	158	420
159	219	40
159	151	40
159	150	100
159	149	320
159	79	1520
159	156	140
159	207	20
159	217	20
159	229	100
159	108	20
159	145	20
159	232	1060
159	66	20
159	180	20
159	83	20
159	160	60
159	16	20
159	154	260
159	157	20
78	80	340
78	81	40
78	201	100
78	84	20
78	91	20
78	76	20
78	234	20
78	229	100
78	231	20
78	67	20
78	233	1520
78	232	20
66	221	40
66	79	40
66	113	20
66	16	20
66	12	40
66	151	20
66	109	420
66	63	40
66	64	60
66	47	40
66	15	40
66	218	40
66	155	40
66	215	420
66	108	20
66	180	20
66	199	40
66	210	140
66	62	100
66	106	20
66	68	20
66	41	20
66	24	20
66	213	20
66	67	80
66	154	40
66	73	180
79	84	4040
79	186	40
79	219	120
79	64	20
79	80	120
79	90	140
79	12	20
79	77	120
79	151	40
79	149	160
79	183	20
79	207	20
79	111	20
79	218	20
79	210	20
79	229	560
79	231	320
79	230	40
79	233	20
79	232	1520
79	234	20
79	83	160
79	75	60
79	91	420
79	146	120
79	14	20
79	81	40
79	76	60
79	158	40
79	201	300
79	143	20
182	217	60
182	221	100
182	220	180
182	186	120
182	187	720
182	209	100
182	210	80
182	215	20
182	213	460
182	181	40
182	180	200
182	199	100
182	142	40
182	74	200
182	155	20
182	154	20
182	18	20
207	219	340
207	90	2660
207	223	80
207	41	40
207	205	80
207	208	20
207	218	4280
207	216	200
207	230	20
207	214	20
207	143	880
207	83	1480
207	222	380
207	76	40
207	229	420
207	14	20
207	154	20
207	158	40
207	157	20
20	210	20
20	1	80
20	68	40
20	12	60
20	11	20
20	62	120
20	72	40
20	5	20
20	16	20
20	22	60
20	24	20
20	23	20
20	39	20
20	18	20
208	218	40
208	105	20
208	214	1640
208	219	20
208	216	180
208	143	300
209	217	340
209	221	280
209	220	180
209	186	220
209	187	940
209	63	40
209	210	340
209	215	20
209	213	720
209	183	40
209	181	60
209	180	120
209	74	100
209	84	20
209	199	80
209	18	20
72	1	120
72	68	380
72	12	40
72	62	60
72	11	80
72	24	60
72	230	20
72	191	140
72	106	20
72	22	560
72	13	380
72	14	380
72	23	320
72	144	20
72	39	60
72	18	60
229	219	160
229	84	460
229	91	100
229	77	40
229	80	120
229	187	20
229	113	1300
229	90	40
229	205	20
229	150	20
229	149	40
229	108	60
229	111	40
229	218	80
229	144	20
229	231	80
229	230	40
229	214	20
229	233	120
229	232	840
229	234	100
229	83	1080
229	75	20
229	76	120
229	160	20
229	16	20
229	81	420
229	154	1080
229	158	40
229	201	100
229	157	80
231	220	20
231	142	20
231	80	40
231	81	40
231	151	40
231	149	20
231	110	20
231	234	400
231	215	20
231	233	20
231	232	20
231	154	20
231	83	120
231	75	60
231	91	20
231	90	20
231	184	60
231	77	100
231	213	20
231	155	20
231	76	40
231	201	100
231	156	20
231	67	20
230	84	40
230	154	100
230	216	20
230	223	40
230	219	140
230	206	40
230	158	40
230	144	480
230	22	20
230	151	100
230	149	120
230	105	440
230	111	460
230	143	120
230	108	200
230	232	20
230	64	20
230	90	40
230	106	2160
230	68	20
230	156	300
230	110	40
230	157	640
233	206	20
233	81	60
233	75	60
233	91	20
233	234	140
233	80	180
233	146	20
233	221	40
233	201	100
233	232	60
232	219	80
232	83	200
232	76	40
232	64	20
232	77	20
232	111	20
232	113	40
232	90	20
232	47	60
232	149	80
232	206	40
232	108	40
232	234	620
232	73	20
232	80	20
232	218	60
232	144	20
232	214	20
232	210	20
232	81	120
232	84	680
232	91	260
232	160	20
232	16	20
232	146	20
232	154	20
232	158	20
232	201	280
232	156	20
28	12	20
28	61	20
28	19	60
28	148	20
28	24	20
28	25	200
28	5	40
28	1	20
28	13	40
28	14	20
28	15	20
28	40	140
28	39	20
28	18	200
108	1	20
108	154	20
108	158	320
108	156	20
108	219	560
108	185	20
108	64	40
108	113	220
108	151	60
108	149	400
108	205	20
108	111	1000
108	218	20
108	144	540
108	83	20
108	84	120
108	76	20
108	106	80
108	105	80
108	160	20
108	22	20
108	24	20
108	110	60
108	157	420
5	1	380
5	22	80
5	191	500
5	12	180
5	62	40
5	19	20
5	24	20
5	15	20
5	47	60
5	68	40
5	13	20
5	23	140
5	40	20
83	219	40
83	154	60
83	184	80
83	77	200
83	215	20
83	113	100
83	111	20
83	187	20
83	151	20
83	201	340
83	213	20
83	142	20
83	91	240
83	143	40
83	155	60
83	218	480
83	217	20
83	234	360
83	75	40
83	84	2060
83	90	620
83	81	60
83	76	80
83	156	20
83	15	20
19	15	380
19	179	20
19	148	1540
19	13	120
19	24	60
19	40	1820
19	82	20
19	16	20
19	14	60
19	25	220
84	91	60
84	219	480
84	90	20
84	184	20
84	146	60
84	143	40
84	77	160
84	151	60
84	213	20
84	47	40
84	149	100
84	218	40
84	215	40
84	153	20
84	1	40
84	154	40
84	81	20
84	111	20
84	76	100
84	201	260
84	157	100
16	1	20
16	23	20
16	210	20
16	221	40
16	219	40
16	185	100
16	187	20
16	22	120
16	11	20
16	62	740
16	149	40
16	148	20
16	12	100
16	24	300
16	218	20
16	215	40
16	40	60
16	15	2700
16	68	140
16	13	140
16	14	420
16	155	20
16	25	60
16	39	40
16	18	80
146	91	20
146	184	540
146	142	40
146	187	20
146	61	100
146	64	20
146	73	40
146	206	380
146	179	200
146	109	120
146	155	40
146	145	120
146	40	20
13	1	20
13	12	20
13	61	20
13	62	200
13	148	40
13	73	20
13	67	20
13	191	20
13	22	20
13	24	120
13	14	320
13	15	80
13	40	20
13	18	140
13	25	20
14	1	160
14	154	20
14	15	120
14	22	720
14	12	60
14	62	20
14	148	40
14	11	40
14	24	2240
14	191	60
14	40	60
14	47	20
14	90	20
14	68	1040
14	25	80
14	39	120
14	18	520
15	22	40
15	151	20
15	12	60
15	62	180
15	148	80
15	24	80
15	215	20
15	40	260
15	47	20
15	68	40
15	25	80
15	39	20
15	18	220
67	1	20
67	81	20
67	61	960
67	63	960
67	148	20
67	64	1800
67	142	20
67	106	20
67	73	40
67	206	140
67	184	20
67	109	780
144	216	20
144	150	40
144	113	60
144	191	20
144	156	20
144	111	1380
144	106	240
144	105	460
144	160	220
144	110	60
144	157	460
145	185	20
145	201	60
145	184	180
145	61	80
145	150	40
145	23	40
145	73	180
145	210	20
145	179	260
145	74	20
145	155	140
40	1	80
40	181	20
40	22	100
40	148	660
40	142	20
40	24	60
40	47	20
40	68	80
40	25	340
40	39	60
40	18	240
39	22	40
39	1	220
39	12	120
39	62	20
39	11	20
39	191	20
39	68	200
39	24	160
39	23	20
39	25	160
39	18	60
142	77	160
142	186	20
142	187	20
142	61	20
142	234	80
142	206	40
142	154	20
142	179	160
142	184	580
142	155	600
142	156	20
143	41	160
143	149	60
143	221	20
143	222	40
143	219	140
143	111	20
143	90	100
143	151	60
143	205	100
143	158	40
143	218	740
143	155	20
143	216	2000
143	215	40
143	214	460
143	223	600
143	105	20
143	76	100
143	156	80
143	157	40
1	210	20
1	154	20
1	22	1100
1	191	360
1	12	700
1	62	200
1	47	120
1	11	40
1	24	180
1	215	20
1	68	520
1	23	80
1	18	260
199	183	80
199	210	1320
199	187	80
199	221	80
199	219	40
199	220	260
199	185	40
199	186	60
199	61	20
199	213	300
199	47	640
199	206	20
199	180	1120
199	217	160
199	181	740
199	74	40
199	68	40
199	41	20
199	155	20
199	153	20
199	64	240
18	186	20
18	22	340
18	12	60
18	62	40
18	11	40
18	220	20
18	24	1040
18	218	20
18	215	20
18	64	40
18	68	540
18	25	120
90	219	40
90	77	140
90	80	160
90	113	140
90	151	160
90	218	2780
90	210	20
90	154	40
90	75	180
90	91	20
90	76	160
90	184	20
90	158	20
90	201	20
90	156	20
90	157	40
223	219	2700
223	205	40
223	218	100
223	216	160
223	214	60
223	109	20
223	111	20
221	187	560
221	201	20
221	186	580
221	109	20
221	62	60
221	24	40
221	183	540
221	185	40
221	210	20
221	215	200
221	213	420
221	180	140
221	179	20
221	74	60
221	68	20
222	219	240
222	41	80
222	218	20
222	216	220
222	214	460
222	157	20
219	205	180
219	201	1620
219	210	20
219	41	20
219	185	20
219	113	60
219	151	640
219	149	60
219	64	40
219	218	380
219	216	180
219	214	100
219	76	60
219	106	40
219	111	40
219	154	20
219	158	60
219	157	1120
41	185	100
41	12	20
41	47	180
41	111	20
41	210	40
41	215	340
41	180	20
220	217	640
220	215	100
220	201	40
220	186	100
220	187	200
220	210	80
220	213	140
220	183	20
220	181	20
220	180	200
220	74	2280
220	68	20
220	24	40
185	82	800
185	62	260
185	47	640
185	64	260
185	155	60
185	157	40
82	47	100
80	201	40
80	91	20
80	76	20
80	77	4980
81	201	220
81	234	180
81	75	340
81	91	20
81	155	20
81	76	80
186	217	60
186	187	120
186	234	20
186	210	100
186	215	240
186	213	200
186	183	80
186	154	20
186	181	20
186	180	140
186	74	40
186	25	20
186	158	20
187	149	20
187	151	40
187	217	100
187	215	80
187	213	140
187	183	100
187	210	100
187	181	40
187	180	40
187	73	40
187	74	60
187	23	40
113	154	1160
113	216	40
113	111	160
113	218	100
113	106	40
113	105	220
113	110	60
113	157	40
91	76	20
91	201	200
91	109	20
91	149	40
91	183	20
91	75	20
91	77	400
91	156	20
22	12	160
22	62	100
22	24	780
22	11	80
22	191	120
22	184	20
22	68	1880
22	23	60
22	25	40
12	23	1620
12	154	20
12	111	20
12	62	140
12	47	20
12	158	20
12	11	80
12	24	20
12	218	20
12	215	120
12	191	480
12	68	200
12	64	20
11	68	220
11	62	40
11	191	40
11	24	40
11	23	80
191	68	300
191	62	300
191	23	480
151	154	740
151	158	160
151	215	20
151	150	20
151	149	300
151	73	20
151	111	460
151	218	120
151	213	40
151	180	40
151	184	20
151	160	1320
151	155	20
151	109	20
151	153	780
151	76	20
151	156	20
151	157	400
61	109	1000
61	149	20
61	64	1260
61	73	20
61	206	60
61	215	20
61	179	100
61	106	20
61	155	20
61	154	20
62	23	40
62	76	20
62	24	20
62	156	20
62	218	20
62	180	20
62	74	20
62	68	180
62	64	240
62	157	20
150	149	80
150	153	120
150	160	40
150	154	180
150	156	20
149	154	380
149	215	20
149	158	1720
149	47	20
149	111	40
149	153	80
149	74	20
149	160	100
149	109	20
149	24	20
149	156	500
149	157	20
148	24	20
148	179	40
148	25	180
64	63	340
64	109	260
64	206	80
64	24	40
64	73	320
64	111	20
64	218	20
64	210	180
64	179	20
64	68	60
64	155	180
64	154	20
64	157	20
205	218	280
205	216	40
47	210	680
47	180	280
47	216	20
47	155	20
47	157	20
206	184	20
206	109	140
206	179	900
206	160	40
206	154	20
23	24	20
23	213	20
23	68	320
111	154	380
111	218	40
111	106	220
111	105	1360
111	68	20
111	110	40
111	157	400
218	76	20
218	216	200
218	210	20
218	214	40
218	154	40
218	153	20
218	158	80
218	157	80
217	63	20
217	210	240
217	213	60
217	183	20
217	181	20
217	180	360
217	74	160
216	201	40
216	214	100
215	183	20
215	180	20
215	210	60
215	213	40
215	74	20
215	68	60
215	155	20
215	154	20
214	201	80
214	76	20
213	210	160
213	234	20
213	183	1520
213	181	40
213	180	100
213	184	20
213	77	20
213	74	60
183	210	20
183	181	60
183	74	20
183	184	20
234	180	20
234	201	180
234	75	80
234	76	40
234	184	100
234	77	80
234	155	40
210	180	440
210	181	120
210	184	20
210	157	20
154	73	60
154	155	20
154	180	80
154	74	20
154	184	40
154	160	100
154	68	20
154	153	120
154	158	300
154	156	40
181	180	3500
181	74	20
180	74	180
180	201	20
179	63	40
179	184	20
179	109	40
179	73	20
179	24	20
179	155	40
73	109	60
73	63	20
73	24	20
74	77	20
74	24	20
75	158	20
75	201	20
75	77	40
75	76	300
76	77	20
76	201	420
76	156	280
184	77	420
184	109	20
184	155	620
77	201	60
77	155	60
106	25	40
106	105	140
106	110	440
106	155	20
106	157	2200
105	157	280
105	109	20
105	110	80
160	153	1840
160	109	60
160	158	20
160	156	120
160	157	20
68	158	20
68	24	740
68	156	20
68	25	20
109	63	20
24	155	20
24	25	200
24	157	20
110	157	60
155	201	80
155	157	20
153	158	480
153	156	140
158	156	20
156	157	140
