1 2 0.57143
1 3 0.71429
1 4 0.42857
1 5 0.42857
1 6 0.42857
1 7 0.42857
1 8 0.28571
1 9 0.28571
1 11 0.28571
1 12 0.42857
1 13 0.14286
1 14 0.42857
1 18 0.28571
1 20 0.28571
1 22 0.28571
1 32 0.28571
2 3 0.85714
2 4 0.42857
2 8 0.57143
2 14 0.71429
2 18 0.14286
2 20 0.28571
2 22 0.28571
2 31 0.28571
3 4 0.42857
3 8 0.57143
3 9 0.71429
3 10 0.14286
3 14 0.42857
3 28 0.28571
3 29 0.28571
3 33 0.28571
4 8 0.42857
4 13 0.42857
4 14 0.42857
5 7 0.28571
5 11 0.42857
6 7 0.71429
6 11 0.42857
6 17 0.42857
7 17 0.42857
9 31 0.42857
9 33 0.42857
9 34 0.57143
10 34 0.28571
14 34 0.42857
15 33 0.42857
15 34 0.28571
16 33 0.42857
16 34 0.57143
19 33 0.14286
19 34 0.28571
20 34 0.14286
21 33 0.42857
21 34 0.14286
23 33 0.28571
23 34 0.42857
24 26 0.71429
24 28 0.57143
24 30 0.42857
24 33 0.71429
24 34 0.57143
25 26 0.28571
25 28 0.42857
25 32 0.28571
26 32 1.0
27 30 0.57143
27 34 0.28571
28 34 0.57143
29 32 0.28571
29 34 0.28571
30 33 0.57143
30 34 0.28571
31 33 0.42857
31 34 0.42857
32 33 0.57143
32 34 0.57143
33 34 0.71429
