1 2 0.25
1 3 0.75
1 4 0.25
1 5 0.25
1 6 0.25
1 7 1.0
1 8 0.25
1 9 0.25
1 10 1.0
1 11 0.25
1 12 0.25
1 13 0.5
1 14 0.5
1 15 0.5
1 16 0.5
1 17 0.25
1 18 0.25
1 19 0.25
1 20 0.25
1 21 0.25
1 22 0.25
1 23 0.25
1 24 0.5
1 25 0.5
1 26 0.25
1 27 0.25
1 28 0.25
1 29 0.25
1 30 0.25
2 3 0.25
3 4 0.25
3 5 0.25
3 7 0.75
3 8 0.25
3 9 0.25
3 10 0.5
3 11 0.25
3 12 0.25
3 13 0.25
3 14 0.25
3 15 0.25
3 16 0.5
3 17 0.25
3 18 0.25
3 19 0.25
3 20 0.25
3 21 0.25
3 22 0.25
3 23 0.25
3 24 0.25
3 25 0.5
3 26 0.25
3 28 0.25
3 29 0.25
3 30 0.25
4 5 0.25
4 17 0.25
4 18 0.25
4 20 0.25
4 21 0.25
4 22 0.25
4 23 0.25
4 25 0.25
5 17 0.25
5 18 0.25
5 20 0.25
5 21 0.25
5 22 0.25
5 23 0.25
5 25 0.25
6 17 0.25
6 24 0.25
6 26 0.25
6 31 0.25
6 32 0.25
6 33 0.25
7 8 0.25
7 10 0.75
7 11 0.25
7 12 0.25
7 13 0.25
7 14 0.5
7 15 0.5
7 16 0.75
7 21 0.25
7 24 0.25
7 25 0.25
7 26 0.25
7 27 0.25
7 28 0.5
7 29 0.5
7 30 0.25
7 34 0.25
7 35 0.25
7 36 0.25
7 37 0.25
8 9 0.25
8 19 0.25
8 34 0.5
9 19 0.25
10 11 0.25
10 12 0.25
10 13 0.25
10 14 0.5
10 15 0.25
10 16 0.5
10 21 0.25
10 24 0.25
10 25 0.25
10 26 0.25
10 27 0.25
10 28 0.25
10 29 0.25
10 30 0.5
10 38 0.25
11 12 0.25
11 13 0.25
11 14 0.25
11 15 0.25
11 16 0.25
11 29 0.25
12 13 0.25
12 14 0.5
12 15 0.5
12 16 0.25
12 29 0.25
13 14 0.75
13 15 0.5
13 16 0.25
13 29 0.25
14 15 0.75
14 16 0.25
14 29 0.25
14 37 0.25
15 16 0.25
15 29 0.25
15 39 0.25
16 24 0.25
16 25 0.25
16 26 0.25
16 28 0.25
16 29 0.25
16 30 0.25
16 33 0.25
17 18 0.25
17 20 0.25
17 21 0.25
17 22 0.25
17 23 0.25
17 25 0.25
17 40 0.25
17 41 0.25
17 42 0.25
17 43 0.25
18 20 0.25
18 21 0.25
18 22 0.25
18 23 0.25
18 25 0.25
18 31 0.25
18 40 0.25
18 41 0.25
18 44 0.25
18 45 0.25
18 54 0.25
19 36 0.25
19 55 0.25
19 56 0.25
19 57 0.25
20 21 0.25
20 22 0.25
20 23 0.25
20 25 0.25
20 30 0.25
21 22 0.25
21 23 0.25
21 25 0.25
22 23 0.25
22 25 0.25
22 49 0.25
22 58 0.25
22 59 0.25
22 60 0.25
23 25 0.25
23 58 0.25
23 59 0.25
24 25 0.25
24 26 0.25
24 28 0.25
24 30 0.25
24 49 0.25
25 26 0.25
25 28 0.25
25 30 0.25
26 28 0.25
26 30 0.25
27 30 0.25
30 32 0.25
30 63 0.25
30 64 0.25
31 40 0.25
31 41 0.25
31 44 0.25
31 45 0.25
36 39 0.25
36 55 0.25
36 56 0.25
36 57 0.5
40 41 0.25
40 44 0.25
41 44 0.25
44 49 0.25
45 46 0.25
46 47 0.25
46 48 0.25
46 49 0.25
46 50 0.25
46 51 0.25
46 52 0.25
46 53 0.25
47 50 0.25
47 51 0.25
47 52 0.25
47 53 0.25
49 50 0.25
49 51 0.25
49 52 0.25
49 53 0.25
49 59 0.25
49 61 0.25
49 62 0.25
50 51 0.25
50 52 0.25
50 53 0.25
51 52 0.25
51 53 0.25
52 53 0.25
55 56 0.25
55 57 0.25
56 57 0.25
58 59 0.25
59 61 0.25
63 64 0.25
